# name: debug
# type: sparse matrix
# nnz: 6084
# rows: 78
# columns: 78

1 1 124232332.118371323
2 1 -1790597.800302695
3 1 -15716574.729479240
4 1 -2205743.300609833
5 1 -100368369.985790581
6 1 13206924.164506374
7 1 -153825.075791252
8 1 -27508.429452471
9 1 41988.062789766
10 1 -3954.813259994
11 1 195560.113137119
12 1 19026.718975404
13 1 -63975.705972737
14 1 -19003.661380681
15 1 530.159896940
16 1 -9360.656394772
17 1 66308.049258633
18 1 -8591.518299939
19 1 -46700.662399397
20 1 -18521.001841310
21 1 2057.791109971
22 1 -12178.939592643
23 1 47079.391043182
24 1 -15410.696568972
25 1 -28079.647636028
26 1 -20484.105526305
27 1 -2911.352362407
28 1 -12896.097560815
29 1 18650.906903184
30 1 -6812.769979052
31 1 -30842.983890551
32 1 -18513.172305649
33 1 241.374761984
34 1 -13724.749166023
35 1 28919.642602459
36 1 -4748.324614230
37 1 -22437.616200930
38 1 -13669.342972899
39 1 523.773618166
40 1 -8986.393997513
41 1 15178.936702964
42 1 -2617.151351991
43 1 -27811.794011609
44 1 -13644.969262940
45 1 3651.544037416
46 1 -7525.252846910
47 1 30595.079126765
48 1 2633.616916744
49 1 -77531.079848309
50 1 -13973.207002420
51 1 36508.412397672
52 1 52644.194744604
53 1 442148.724459084
54 1 149289.499798927
55 1 -18245.605346056
56 1 -12692.228238905
57 1 3431.031275418
58 1 -9876.915742795
59 1 14367.200005603
60 1 -1696.626206113
61 1 -19518.473065830
62 1 -8269.580716540
63 1 6801.647687448
64 1 -5294.332784911
65 1 28361.017850769
66 1 3794.629537331
67 1 -17156.398619151
68 1 -8772.681023888
69 1 6237.062626235
70 1 -6738.079876222
71 1 22068.586669847
72 1 1386.666727052
73 1 -10491.424367131
74 1 -7267.988487008
75 1 3549.388406955
76 1 -6111.392038844
77 1 8924.638649724
78 1 -887.212830323
1 2 -1790597.800302695
2 2 195719459.613460004
3 2 -9028032.516489878
4 2 128634779.403588980
5 2 2194736.774088753
6 2 -16239276.253848499
7 2 2023.407153760
8 2 -357805.009061894
9 2 -1576.562354383
10 2 -310019.541094595
11 2 -24165.453222154
12 2 72876.454675492
13 2 -1604.210883809
14 2 -140604.248123784
15 2 8583.051115612
16 2 -117185.333499381
17 2 -7573.705452336
18 2 -11601.670499990
19 2 -2802.967329868
20 2 -102367.943979990
21 2 11168.387794488
22 2 -82921.049720923
23 2 -3597.316907304
24 2 1888.473104346
25 2 -8004.715605132
26 2 -66420.019628862
27 2 10484.598283440
28 2 -44420.782012220
29 2 3420.427292264
30 2 -11861.573657834
31 2 -3311.737965286
32 2 -66399.949239760
33 2 8951.107173633
34 2 -57301.796747014
35 2 -157.456191017
36 2 -4326.123450036
37 2 -709.500107674
38 2 -50605.669270479
39 2 6243.916389677
40 2 -35636.980827969
41 2 -225.903257075
42 2 -4736.521600066
43 2 833.983603263
44 2 -59384.816072109
45 2 2446.149589748
46 2 -57896.751430186
47 2 -5249.843095339
48 2 4813.996376218
49 2 12649.866009178
50 2 -152090.476553093
51 2 -50781.592755131
52 2 -771333.105682045
53 2 -238020.859109745
54 2 325362.807443349
55 2 902.661052464
56 2 -43278.539760401
57 2 6873.941381768
58 2 -32974.062951258
59 2 -538.290941371
60 2 2908.002689813
61 2 1021.528927855
62 2 -42184.759375195
63 2 269.894486428
64 2 -51356.815488510
65 2 -4673.664436104
66 2 17361.371392607
67 2 1672.725671372
68 2 -39304.395277543
69 2 3308.544115173
70 2 -42706.156580297
71 2 -3215.684145208
72 2 14209.986745110
73 2 1742.258582991
74 2 -25718.186099432
75 2 5224.455980732
76 2 -20426.508351306
77 2 -826.391452852
78 2 4435.349973234
1 3 -15716574.729479244
2 3 -9028032.516489878
3 3 67009593.282037750
4 3 -7199463.368881446
5 3 13012316.565342363
6 3 11006.526521077
7 3 -13833.482791573
8 3 -2676.271252033
9 3 -50656.636578743
10 3 -10022.932396856
11 3 18385.618426700
12 3 4268.226486826
13 3 -34158.276721832
14 3 5127.283449186
15 3 -16966.637313814
16 3 -556.069730514
17 3 33817.036520428
18 3 -294.876435280
19 3 -28009.818461685
20 3 7154.461622690
21 3 -11135.963492564
22 3 6934.076113594
23 3 21820.012233567
24 3 -5500.812617558
25 3 -23139.906325606
26 3 3007.006424488
27 3 -6420.162932138
28 3 2736.193501331
29 3 16040.415884967
30 3 -2331.884956438
31 3 -24598.953568292
32 3 2580.071107166
33 3 -3828.831226989
34 3 2061.246095075
35 3 21527.860304290
36 3 -2135.699643096
37 3 -19274.925007420
38 3 1611.121626769
39 3 -2812.218898166
40 3 1209.430821500
41 3 13271.507539092
42 3 -1352.701321072
43 3 -22945.572513285
44 3 -1079.272809639
45 3 -780.036860338
46 3 -3862.697874430
47 3 22012.858364296
48 3 3368.093813921
49 3 -68819.194296761
50 3 -28796.933103233
51 3 18093.078677666
52 3 -121666.841438259
53 3 356938.133651448
54 3 220195.380290940
55 3 -16634.419670061
56 3 2343.842540880
57 3 500.957528799
58 3 1820.948540350
59 3 12433.490852682
60 3 -2359.909161662
61 3 -15442.640243819
62 3 -1838.952346042
63 3 2503.199109251
64 3 -4116.302304984
65 3 19113.868054474
66 3 4082.056304768
67 3 -14470.475954066
68 3 98.430034688
69 3 2325.779191343
70 3 -1432.082270820
71 3 15834.854571138
72 3 927.586476992
73 3 -9895.374212202
74 3 1712.704458281
75 3 1182.271618578
76 3 1226.452474532
77 3 7698.852079498
78 3 -2112.581571880
1 4 -2205743.300609833
2 4 128634779.403588980
3 4 -7199463.368881446
4 4 153499749.065152109
5 4 -368380.064131019
6 4 -3743071.846267527
7 4 18965.140676051
8 4 -317565.811615781
9 4 -12109.795605862
10 4 -346696.006452689
11 4 -30214.783548447
12 4 65902.445278185
13 4 8333.961842187
14 4 -100381.720874755
15 4 135.728383666
16 4 -116376.135641833
17 4 -12262.489002152
18 4 -3850.018519790
19 4 9907.440947603
20 4 -73606.581023546
21 4 7306.998010995
22 4 -74927.279452209
23 4 -10610.923556763
24 4 20562.618907160
25 4 -104.421956154
26 4 -31138.246933887
27 4 5803.226683943
28 4 -21025.386614779
29 4 -892.436403393
30 4 -5092.447856394
31 4 3057.591487782
32 4 -41286.550750120
33 4 4671.928797452
34 4 -46522.705079256
35 4 -4936.802162426
36 4 2047.525473573
37 4 2175.704827658
38 4 -24043.930035141
39 4 3077.807985848
40 4 -17098.348392542
41 4 -1780.955568287
42 4 -1808.717221244
43 4 2406.310133329
44 4 -41069.186668356
45 4 -2981.900155231
46 4 -56492.315482472
47 4 -5991.541471257
48 4 12199.213152635
49 4 -1387.697905736
50 4 -399973.434096007
51 4 -158467.807481252
52 4 -2414352.483058087
53 4 -475888.845872204
54 4 1177228.593453229
55 4 3463.359581123
56 4 -22624.504876915
57 4 3422.918251775
58 4 -19484.685360889
59 4 -2793.039257966
60 4 3491.949468574
61 4 1041.219093567
62 4 -38797.356921728
63 4 -3671.308023925
64 4 -60385.750318115
65 4 -5010.832637527
66 4 26608.276687678
67 4 2468.896746204
68 4 -31849.624122385
69 4 -332.164478970
70 4 -44969.914597041
71 4 -4456.547370038
72 4 20582.069075500
73 4 2906.528692876
74 4 -14215.948548155
75 4 2542.272288980
76 4 -13048.519839846
77 4 -2210.294811524
78 4 4420.008518917
1 5 -100368369.985790581
2 5 2194736.774088753
3 5 13012316.565342363
4 5 -368380.064131020
5 5 154073660.595656693
6 5 -2718139.873597138
7 5 192314.600807289
8 5 9341.507774607
9 5 -37582.756611185
10 5 2599.108408677
11 5 -286669.449319570
12 5 -37334.612118928
13 5 72827.464875410
14 5 7577.582597490
15 5 2813.302388931
16 5 5320.510697621
17 5 -98904.715944320
18 5 -8511.896767179
19 5 49697.650061135
20 5 5079.902897910
21 5 -3927.409849626
22 5 5948.522219644
23 5 -61556.799030261
24 5 11471.315328482
25 5 22869.759601108
26 5 8115.910876710
27 5 4099.709026553
28 5 4771.018892855
29 5 -15538.821945312
30 5 4125.249179503
31 5 33175.877837992
32 5 8842.256655827
33 5 -88.913003664
34 5 7983.519481708
35 5 -38755.583650568
36 5 2474.106374068
37 5 18852.715136355
38 5 5570.785406291
39 5 981.238113923
40 5 3620.090405419
41 5 -12924.745483575
42 5 1684.594076182
43 5 33826.706635758
44 5 8327.885191401
45 5 -4727.793222490
46 5 6255.972684652
47 5 -48203.420488527
48 5 -11141.141194997
49 5 365326.761523554
50 5 105641.785653630
51 5 -159281.488748874
52 5 176468.375279700
53 5 -2358609.960452763
54 5 -1123743.179503977
55 5 17072.510417092
56 5 5257.841041095
57 5 -2528.762036170
58 5 4770.523190546
59 5 -15023.797594335
60 5 2111.104695726
61 5 28322.308561241
62 5 7307.708510787
63 5 -10047.665321756
64 5 6678.964621984
65 5 -49669.888179895
66 5 -11242.195406346
67 5 22468.673230233
68 5 5840.182846115
69 5 -8113.717023131
70 5 5817.852086466
71 5 -35936.711207185
72 5 -5049.232287208
73 5 10286.007035864
74 5 2889.196624096
75 5 -2872.356698815
76 5 3090.896427736
77 5 -9937.886252599
78 5 1646.230161538
1 6 13206924.164506374
2 6 -16239276.253848495
3 6 11006.526521077
4 6 -3743071.846267527
5 6 -2718139.873597138
6 6 87694780.528963968
7 6 20279.364646136
8 6 -6201.414073314
9 6 -5158.190942401
10 6 -70020.343526713
11 6 -45177.607057772
12 6 -131896.129485963
13 6 -5747.762681538
14 6 -56390.646143687
15 6 -45.475679461
16 6 -70674.185583719
17 6 -13625.439393132
18 6 -26879.234353379
19 6 -13866.890013004
20 6 -36080.960854252
21 6 5154.476218866
22 6 -33093.976292844
23 6 8949.925006780
24 6 -20419.477849363
25 6 -7749.818799021
26 6 -31747.005797355
27 6 4067.783627403
28 6 -21168.294697381
29 6 4331.738072881
30 6 -6195.300759290
31 6 -5429.906028876
32 6 -35800.460754741
33 6 3730.122486590
34 6 -35532.640082203
35 6 2443.227324287
36 6 -1970.840921068
37 6 -2690.286420763
38 6 -24487.201189283
39 6 2498.149617109
40 6 -17308.720101386
41 6 1463.638487724
42 6 -2844.364313243
43 6 1440.714843499
44 6 -33756.180304903
45 6 -2255.663596933
46 6 -41076.575655421
47 6 -10211.052850003
48 6 3641.805270432
49 6 78547.118340134
50 6 -351160.623751486
51 6 -188318.853578652
52 6 -2239600.685533880
53 6 -1024092.598805311
54 6 832379.608621168
55 6 -2553.101052208
56 6 -21506.620511801
57 6 3801.196550493
58 6 -17478.015968662
59 6 2462.186762805
60 6 1558.176353631
61 6 1135.910026364
62 6 -28028.985641885
63 6 -2592.728079978
64 6 -40353.995676065
65 6 -8077.311662918
66 6 14021.760637693
67 6 -54.630110726
68 6 -24474.412698214
69 6 530.996093660
70 6 -31614.055010693
71 6 -3598.905628391
72 6 11152.267619193
73 6 -928.776044011
74 6 -13083.393993568
75 6 3111.053755797
76 6 -11288.847558813
77 6 1388.029799276
78 6 2447.197093359
1 7 -153825.075791252
2 7 2023.407153760
3 7 -13833.482791573
4 7 18965.140676051
5 7 192314.600807289
6 7 20279.364646136
7 7 108317798.942672715
8 7 7134268.485497122
9 7 10821483.857537542
10 7 3753715.186940391
11 7 -106897145.317884728
12 7 10929119.528698586
13 7 -171987.677457242
14 7 -26578.704900767
15 7 13449.909912093
16 7 -34071.220760509
17 7 285977.901795345
18 7 89464.549336585
19 7 -305964.397295695
20 7 -527.582161522
21 7 -10438.845162455
22 7 217586.455119920
23 7 1531878.934553329
24 7 686798.272621285
25 7 -166613.178047471
26 7 -41221.859202182
27 7 -26778.492485586
28 7 -59675.105470666
29 7 236848.837533649
30 7 -46735.375710440
31 7 -152692.710209078
32 7 -58155.886498555
33 7 -14999.853139817
34 7 -55188.276153360
35 7 166171.158326095
36 7 -34970.741231761
37 7 -135135.206507878
38 7 -54471.962326170
39 7 -4750.664613741
40 7 -52019.316799892
41 7 135372.382028470
42 7 -32369.954071664
43 7 -109645.902534304
44 7 -40144.850992427
45 7 3415.473456962
46 7 -42875.350806037
47 7 126504.779585889
48 7 -18463.131828134
49 7 -62050.448670009
50 7 -29431.027477397
51 7 4328.772794687
52 7 -29492.322127340
53 7 62461.318514694
54 7 -17898.986955639
55 7 -66572.385053907
56 7 -25866.829683033
57 7 6817.239413308
58 7 -27012.633798946
59 7 67340.319737005
60 7 -11840.462022610
61 7 -103809.803857648
62 7 -27920.636263484
63 7 26172.052901732
64 7 -91255.064856173
65 7 780491.716135197
66 7 42568.368977602
67 7 -29791.194600056
68 7 -9991.307849728
69 7 5159.283468483
70 7 -10829.395545837
71 7 31721.858442158
72 7 -4608.884071401
73 7 -25315.463075997
74 7 -10797.804509628
75 7 4181.735126761
76 7 -10539.302999008
77 7 22196.340252938
78 7 -5288.050015713
1 8 -27508.429452471
2 8 -357805.009061894
3 8 -2676.271252033
4 8 -317565.811615781
5 8 9341.507774607
6 8 -6201.414073314
7 8 7134268.485497123
8 8 172464249.787311345
9 8 -3953111.806723054
10 8 138570153.256737858
11 8 -3678810.015001814
12 8 21790176.880288411
13 8 -12794.085220250
14 8 -292907.525283749
15 8 -11890.602446200
16 8 -382158.603519060
17 8 16400.470462470
18 8 160089.487605986
19 8 47914.887884381
20 8 -389685.923614714
21 8 -52682.437692291
22 8 -1561305.318949489
23 8 -509977.029542327
24 8 -283018.878235314
25 8 -20482.030193390
26 8 -255169.368717934
27 8 10270.449890411
28 8 -367888.560594083
29 8 25599.455246397
30 8 -126305.159555441
31 8 -32197.747738595
32 8 -231236.765644670
33 8 16725.634385028
34 8 -254923.893231193
35 8 21502.286019795
36 8 -84924.102280322
37 8 -27895.104718125
38 8 -201642.284440958
39 8 14713.637146473
40 8 -212864.626804103
41 8 18507.103479806
42 8 -65030.729500330
43 8 -17374.940296020
44 8 -157450.297311549
45 8 9256.715391728
46 8 -189863.962818213
47 8 10988.910090539
48 8 -33221.406882620
49 8 -13399.272961464
50 8 -94566.200376227
51 8 13465.932772956
52 8 -98751.082420827
53 8 9229.783957185
54 8 -16813.443416420
55 8 -9966.451453273
56 8 -98887.960945219
57 8 9321.045043161
58 8 -107768.340126997
59 8 7050.731162892
60 8 -13952.792960021
61 8 -3706.082771556
62 8 -166439.613753158
63 8 4594.935710227
64 8 -1174831.165708798
65 8 -80846.701135653
66 8 359363.357664838
67 8 -1890.140011044
68 8 -46065.233724844
69 8 5736.026974622
70 8 -49650.819232571
71 8 1179.283960904
72 8 2431.767142634
73 8 -3022.107706235
74 8 -40964.648024083
75 8 7408.705965839
76 8 -38995.472601928
77 8 2253.267686859
78 8 -2007.102716443
1 9 41988.062789766
2 9 -1576.562354383
3 9 -50656.636578743
4 9 -12109.795605862
5 9 -37582.756611185
6 9 -5158.190942401
7 9 10821483.857537542
8 9 -3953111.806723054
9 9 61975505.766708151
10 9 -5093051.975158850
11 9 -17308916.090570789
12 9 -74905.171938577
13 9 -17341.211828872
14 9 -11819.043738032
15 9 -41628.820679578
16 9 -39793.002539692
17 9 1076.059264569
18 9 9507.972585460
19 9 -127129.343625508
20 9 -34224.727784337
21 9 -57798.152987902
22 9 -454085.374139064
23 9 663954.109706329
24 9 335993.186741608
25 9 -84572.528208781
26 9 2991.362437827
27 9 -34378.872933733
28 9 20982.410710557
29 9 137293.955912080
30 9 -10153.000449243
31 9 -78261.657634401
32 9 5422.300305261
33 9 -29948.681659973
34 9 10644.564657984
35 9 91531.522637198
36 9 -4918.072494380
37 9 -70271.581844271
38 9 3094.432548075
39 9 -23781.948734214
40 9 8483.763416971
41 9 75455.083926787
42 9 -5290.982757607
43 9 -57453.537842918
44 9 329.117392844
45 9 -14264.614587886
46 9 3847.261788680
47 9 67710.308039563
48 9 -2999.876760792
49 9 -34600.800421261
50 9 5333.042083542
51 9 -7948.149459398
52 9 8298.969106846
53 9 34875.814558764
54 9 -5940.595182890
55 9 -38364.056779579
56 9 2006.608742974
57 9 -6632.520537969
58 9 4256.692132612
59 9 39691.667375289
60 9 -3691.765557011
61 9 -65694.868674633
62 9 -104.365007395
63 9 8825.252374851
64 9 -19441.378167917
65 9 517348.392227105
66 9 23782.501365453
67 9 -17437.322937501
68 9 1815.476688002
69 9 -496.565681539
70 9 2503.613999743
71 9 17910.244748275
72 9 -2695.058630859
73 9 -16366.659854680
74 9 1921.298944179
75 9 -1077.672895968
76 9 2162.005678723
77 9 14760.299977239
78 9 -2847.736572602
1 10 -3954.813259994
2 10 -310019.541094595
3 10 -10022.932396856
4 10 -346696.006452689
5 10 2599.108408677
6 10 -70020.343526713
7 10 3753715.186940390
8 10 138570153.256737858
9 10 -5093051.975158850
10 10 241201215.425305396
11 10 -49153.358725125
12 10 60566736.319032528
13 10 -29005.482972123
14 10 -409923.174493625
15 10 -41754.064978842
16 10 -653255.403502208
17 10 15657.999101418
18 10 282410.058911910
19 10 145160.186808752
20 10 -1058409.437434701
21 10 -430729.768866699
22 10 -11020753.245325159
23 10 -1652192.653805937
24 10 -432754.075638072
25 10 -10628.710655752
26 10 -286571.637181125
27 10 28599.125385620
28 10 -644158.439149488
29 10 3004.495503527
30 10 -182448.155570621
31 10 -10704.395811393
32 10 -199791.631619731
33 10 17927.832526682
34 10 -264971.155566384
35 10 -1606.133351235
36 10 -63089.273374966
37 10 -7174.720695975
38 10 -161211.859625620
39 10 15378.061775379
40 10 -193091.938993085
41 10 -2897.507219452
42 10 -40390.114228617
43 10 -3113.215290876
44 10 -143169.694418925
45 10 9203.921198936
46 10 -205788.646200370
47 10 -6593.527156595
48 10 -14256.730982945
49 10 -186.187491977
50 10 -73107.011200837
51 10 12148.679165757
52 10 -83247.426875122
53 10 -3648.478144196
54 10 -4162.006295832
55 10 -243.627990126
56 10 -78075.698932694
57 10 8181.464051935
58 10 -91691.754745123
59 10 -3363.045919099
60 10 -4327.171354098
61 10 34004.572757451
62 10 -563840.885901439
63 10 -24114.521659025
64 10 -5838846.960278662
65 10 -515945.892976619
66 10 1927524.948760103
67 10 1941.285969542
68 10 -37856.704531026
69 10 4601.579070976
70 10 -46424.558847574
71 10 -3085.133041117
72 10 6521.280008721
73 10 1010.217116138
74 10 -27641.721814502
75 10 5084.338997693
76 10 -26971.269313610
77 10 -1430.258837466
78 10 -169.891507782
1 11 195560.113137119
2 11 -24165.453222154
3 11 18385.618426700
4 11 -30214.783548447
5 11 -286669.449319570
6 11 -45177.607057772
7 11 -106897145.317884728
8 11 -3678810.015001814
9 11 -17308916.090570781
10 11 -49153.358725126
11 11 247142158.364318222
12 11 -7623469.003120912
13 11 290096.857093680
14 11 47245.244361710
15 11 -43861.521525736
16 11 43922.544374168
17 11 -568170.172055327
18 11 -183160.312708520
19 11 1374224.157006865
20 11 59828.209928418
21 11 4118.534550655
22 11 374457.736623475
23 11 -12528791.394027472
24 11 -6603407.534615208
25 11 244960.461758936
26 11 40150.819167258
27 11 54169.943206206
28 11 75167.049126516
29 11 -559677.209158490
30 11 118656.940734147
31 11 175808.076285838
32 11 39939.400916329
33 11 28638.201612945
34 11 38656.789091902
35 11 -231998.691454633
36 11 29548.292126507
37 11 143960.566566257
38 11 35544.444843911
39 11 16152.735019607
40 11 33057.481550841
41 11 -166440.593760075
42 11 28273.860054533
43 11 131903.890711448
44 11 29909.003537176
45 11 3225.656176760
46 11 32904.401526129
47 11 -182403.438574363
48 11 15305.943795434
49 11 65770.128974871
50 11 17127.023114199
51 11 -339.078245567
52 11 16995.812164141
53 11 -72480.340557213
54 11 17290.761269613
55 11 71958.783479233
56 11 16706.735156206
57 11 -1774.047425019
58 11 16958.553223642
59 11 -79340.732703920
60 11 11747.931767334
61 11 492400.719482452
62 11 58335.517423932
63 11 -150792.334558701
64 11 459517.155597718
65 11 -5628408.348839175
66 11 -369250.420851475
67 11 32916.420444848
68 11 6232.009517708
69 11 -4494.667391966
70 11 7341.697989517
71 11 -40086.894257194
72 11 5553.944866715
73 11 24714.291273005
74 11 5855.918192597
75 11 -1926.912583219
76 11 5500.887477840
77 11 -22531.001878665
78 11 5033.239655854
1 12 19026.718975404
2 12 72876.454675492
3 12 4268.226486826
4 12 65902.445278185
5 12 -37334.612118928
6 12 -131896.129485963
7 12 10929119.528698586
8 12 21790176.880288411
9 12 -74905.171938576
10 12 60566736.319032520
11 12 -7623469.003120910
12 12 133658491.008727059
13 12 79603.391225450
14 12 114174.243232400
15 12 -8731.580559182
16 12 132893.427780461
17 12 -157830.165111652
18 12 -377888.408021306
19 12 620998.511896228
20 12 -591866.200491672
21 12 -279949.471861295
22 12 -6609508.499155859
23 12 -6818020.701867464
24 12 -3483915.555929623
25 12 -47571.814812792
26 12 -212654.878708595
27 12 12730.484704587
28 12 -462063.643596345
29 12 125131.461890053
30 12 -174536.792088232
31 12 -40759.295961235
32 12 -158074.108146396
33 12 9046.339771707
34 12 -190889.306231177
35 12 37116.269623996
36 12 -82172.566266748
37 12 -38556.544671477
38 12 -136319.046562701
39 12 10166.509304408
40 12 -151532.339270269
41 12 35546.314645100
42 12 -63817.283448801
43 12 -25806.277807554
44 12 -108274.559121476
45 12 7893.330398758
46 12 -143534.272881410
47 12 24412.159874990
48 12 -42940.130264097
49 12 -22498.292906303
50 12 -60425.988726991
51 12 9461.962365668
52 12 -64447.415538226
53 12 21779.221271527
54 12 -20896.996756735
55 12 -16760.732566514
56 12 -64489.581520751
57 12 7585.125856955
58 12 -74426.488239586
59 12 16537.425270607
60 12 -19293.046867287
61 12 -1092.332693070
62 12 -385545.330435380
63 12 -10529.744978668
64 12 -3902232.545895190
65 12 -214382.387197067
66 12 1276714.205744857
67 12 -5781.116185283
68 12 -25824.573753999
69 12 4214.643626065
70 12 -30408.585708715
71 12 6311.501471984
72 12 -1748.833010348
73 12 -6304.188357935
74 12 -23463.176907812
75 12 4846.851882000
76 12 -23708.940270837
77 12 5353.160853999
78 12 -3940.708181287
1 13 -63975.705972737
2 13 -1604.210883809
3 13 -34158.276721832
4 13 8333.961842187
5 13 72827.464875410
6 13 -5747.762681538
7 13 -171987.677457242
8 13 -12794.085220250
9 13 -17341.211828872
10 13 -29005.482972123
11 13 290096.857093680
12 13 79603.391225450
13 13 55087307.273362830
14 13 2154357.418915751
15 13 5696588.243891503
16 13 1806300.190555936
17 13 -42060976.234460548
18 13 6593475.481685179
19 13 -127915.572136761
20 13 -9754.725025016
21 13 -39981.827395563
22 13 4303.266384793
23 13 750905.664328347
24 13 -6814.410840571
25 13 -55584.371557262
26 13 -17173.428521613
27 13 -11347.471882236
28 13 -24161.862438782
29 13 133873.089223461
30 13 -37791.640334620
31 13 -90221.391340760
32 13 -24640.919292168
33 13 -20058.818565087
34 13 -105760.978456994
35 13 595618.590110820
36 13 -158040.186837571
37 13 -304825.840085334
38 13 -70840.830068750
39 13 -44853.958969382
40 13 -491202.854786622
41 13 3059841.038431790
42 13 -690139.147469755
43 13 -40868.927454626
44 13 -13585.113053686
45 13 -2037.715799327
46 13 -11665.298889231
47 13 53370.135846044
48 13 -6527.621758438
49 13 -38080.931623034
50 13 -15591.090479753
51 13 -5449.139444258
52 13 -14231.277726111
53 13 52570.232872976
54 13 -8888.411035788
55 13 -52447.399385136
56 13 -20279.666656277
57 13 -5850.759209462
58 13 -24347.048202058
59 13 96453.922557545
60 13 -14279.366882073
61 13 -65951.262085307
62 13 -17724.225556020
63 13 -6371.384513714
64 13 -32428.403567167
65 13 167072.602758762
66 13 -18632.919525030
67 13 -86059.394395142
68 13 -18599.414345545
69 13 11430.800381240
70 13 -119188.347306009
71 13 1013926.065529719
72 13 -69418.501002935
73 13 -49221.615138801
74 13 -14287.920602020
75 13 -970.926876709
76 13 -19139.468028185
77 13 93531.334142880
78 13 -11843.461221999
1 14 -19003.661380681
2 14 -140604.248123784
3 14 5127.283449186
4 14 -100381.720874755
5 14 7577.582597490
6 14 -56390.646143687
7 14 -26578.704900767
8 14 -292907.525283749
9 14 -11819.043738032
10 14 -409923.174493625
11 14 47245.244361710
12 14 114174.243232400
13 14 2154357.418915751
14 14 73130082.186426520
15 14 -3154708.702723414
16 14 52195720.178587742
17 14 -1802236.559534529
18 14 13343235.773627654
19 14 -9326.052934019
20 14 -193817.913530903
21 14 2382.937488245
22 14 -1110180.982882435
23 14 -1392.817312152
24 14 -569796.096725270
25 14 -13893.854791245
26 14 -75837.426764480
27 14 8713.721526559
28 14 -172671.330417347
29 14 15617.959038354
30 14 -60669.783674566
31 14 -16023.046213330
32 14 -126077.515050875
33 14 19686.878830835
34 14 -806125.516514806
35 14 44274.021979711
36 14 -254737.519086570
37 14 -27589.155264230
38 14 -396401.213383721
39 14 67194.733760559
40 14 -3822987.196976180
41 14 36955.753133088
42 14 -728564.969553277
43 14 -6638.474711287
44 14 -66021.769402261
45 14 4467.435082608
46 14 -82858.642483816
47 14 2468.767663990
48 14 -18520.303378442
49 14 -8148.238248734
50 14 -69551.952701205
51 14 6595.403079219
52 14 -95876.060014685
53 14 3709.923616311
54 14 -29705.344342102
55 14 -9953.949389495
56 14 -95658.227862504
57 14 9162.619699046
58 14 -173353.362030911
59 14 4867.646715429
60 14 -43318.271376313
61 14 -5534.265107491
62 14 -116737.093286814
63 14 9467.423201814
64 14 -292788.889467679
65 14 815.875155930
66 14 -54475.488293779
67 14 -3442.844173373
68 14 -138507.715959126
69 14 12733.666509088
70 14 -1132171.347956483
71 14 -13942.050826946
72 14 416858.365138230
73 14 -4329.771723223
74 14 -88555.431213290
75 14 9572.750671607
76 14 -169736.577885905
77 14 -727.487962577
78 14 -24663.017503344
1 15 530.159896940
2 15 8583.051115612
3 15 -16966.637313814
4 15 135.728383666
5 15 2813.302388931
6 15 -45.475679461
7 15 13449.909912093
8 15 -11890.602446200
9 15 -41628.820679578
10 15 -41754.064978842
11 15 -43861.521525736
12 15 -8731.580559182
13 15 5696588.243891504
14 15 -3154708.702723414
15 15 36565028.825509168
16 15 -3505082.501844770
17 15 -10950631.199569793
18 15 -4063.631021408
19 15 -49652.062015663
20 15 -2987.755881696
21 15 -27695.961617967
22 15 -17064.882065916
23 15 409548.436298670
24 15 -17092.037689178
25 15 -20193.841396099
26 15 5868.091907561
27 15 -8938.491146710
28 15 19653.966462488
29 15 56367.871308266
30 15 -5715.906302618
31 15 -41355.548821013
32 15 10388.819805646
33 15 -14909.600999853
34 15 83580.625189847
35 15 298212.747919981
36 15 -37354.692579132
37 15 -132017.510335722
38 15 34373.199968985
39 15 -35164.857173648
40 15 393133.028217159
41 15 1333468.744479748
42 15 -185411.768816848
43 15 -17507.349379746
44 15 2572.470609551
45 15 -6065.315916285
46 15 2351.727376562
47 15 23679.970785142
48 15 -775.542451965
49 15 -22491.561670437
50 15 3557.555933840
51 15 -7537.450856541
52 15 3718.638448258
53 15 34512.683074919
54 15 -1347.384987811
55 15 -32141.131467922
56 15 4154.249155155
57 15 -9539.735067015
58 15 6265.086341516
59 15 63335.618397815
60 15 -3197.053008154
61 15 -41701.480757790
62 15 3677.822463393
63 15 -9320.332967122
64 15 8431.714735968
65 15 110734.056366921
66 15 -6286.847597006
67 15 -45382.067818626
68 15 2933.094772000
69 15 -2782.474122245
70 15 -9047.597648993
71 15 405424.024804208
72 15 -34754.964267354
73 15 -31477.980924520
74 15 1963.205201355
75 15 -6159.089931203
76 15 2699.313604232
77 15 62771.707591999
78 15 -5003.237414896
1 16 -9360.656394772
2 16 -117185.333499381
3 16 -556.069730514
4 16 -116376.135641833
5 16 5320.510697621
6 16 -70674.185583719
7 16 -34071.220760509
8 16 -382158.603519060
9 16 -39793.002539692
10 16 -653255.403502208
11 16 43922.544374168
12 16 132893.427780461
13 16 1806300.190555936
14 16 52195720.178587742
15 16 -3505082.501844770
16 16 155992125.881378084
17 16 548315.875920168
18 16 47256404.391412392
19 16 -15928.044064065
20 16 -888732.167723414
21 16 12544.886761479
22 16 -6876425.123135470
23 16 11626.149452040
24 16 -3717750.562056427
25 16 -12220.010016058
26 16 -138604.161845357
27 16 23812.948711871
28 16 -702851.523337379
29 16 8510.250948803
30 16 -218671.695393740
31 16 -27100.917771927
32 16 -543054.702317715
33 16 104420.492286676
34 16 -4782264.417007723
35 16 -53456.240133390
36 16 -1432165.871422754
37 16 21819.307204445
38 16 -2250910.917088604
39 16 436158.817483190
40 16 -26680682.690038946
41 16 -1271851.286519101
42 16 -4691705.416360761
43 16 -685.863146421
44 16 -67722.159449321
45 16 3016.452193788
46 16 -105678.240991143
47 16 -3660.722921476
48 16 -17378.415356301
49 16 -623.794363940
50 16 -72014.207749320
51 16 5093.885091833
52 16 -123642.732543301
53 16 -4247.281910252
54 16 -35130.329409190
55 16 56.753493316
56 16 -122892.733881778
57 16 9354.653967356
58 16 -312925.663449165
59 16 -11805.229406606
60 16 -69221.975445371
61 16 4556.122914759
62 16 -198401.748853765
63 16 14401.664783864
64 16 -643109.613538793
65 16 -27270.315326232
66 16 -110304.534050426
67 16 22010.627101848
68 16 -449276.600080623
69 16 36548.063163102
70 16 -8671701.489353307
71 16 -212621.884000955
72 16 4098614.055736471
73 16 3156.013953720
74 16 -116561.274139656
75 16 9969.974157977
76 16 -289344.717975400
77 16 -14569.496258636
78 16 -35440.973625555
1 17 66308.049258633
2 17 -7573.705452336
3 17 33817.036520428
4 17 -12262.489002152
5 17 -98904.715944320
6 17 -13625.439393132
7 17 285977.901795345
8 17 16400.470462470
9 17 1076.059264569
10 17 15657.999101418
11 17 -568170.172055327
12 17 -157830.165111652
13 17 -42060976.234460548
14 17 -1802236.559534528
15 17 -10950631.199569792
16 17 548315.875920168
17 17 158216522.016106844
18 17 -10291244.628924752
19 17 639671.355621894
20 17 12491.656690828
21 17 299025.407055823
22 17 -26284.892499438
23 17 -6093762.261602897
24 17 125274.975316508
25 17 120956.996922559
26 17 19050.961238846
27 17 31030.233189018
28 17 43417.968310387
29 17 -644411.608252760
30 17 159678.713287940
31 17 477310.671911250
32 17 70431.665040677
33 17 127729.770815649
34 17 344884.827933725
35 17 -4383019.637318537
36 17 1031619.066381514
37 17 2124703.524472113
38 17 261012.556812047
39 17 345920.886009122
40 17 2109804.570535491
41 17 -25098694.335492250
42 17 5331699.682458158
43 17 53078.320941349
44 17 8763.681230162
45 17 5162.723207211
46 17 8385.926288043
47 17 -88532.607176212
48 17 2416.921647028
49 17 55108.174057081
50 17 9576.950186801
51 17 12628.674175135
52 17 9701.163535019
53 17 -99077.872229578
54 17 4731.687856805
55 17 96582.974295943
56 17 15626.856669951
57 17 17937.434743618
58 17 26548.184015232
59 17 -256123.117677080
60 17 19075.607075398
61 17 160969.745631205
62 17 19882.188692423
63 17 24476.497712466
64 17 52953.005295941
65 17 -536009.020993482
66 17 46144.715264868
67 17 387145.465008413
68 17 33981.237645577
69 17 -116073.305427618
70 17 932988.786689052
71 17 -9509947.078277912
72 17 617389.774050242
73 17 94453.315055636
74 17 12617.595891536
75 17 8794.647525855
76 17 23889.844427148
77 17 -238643.457663755
78 17 20842.733345142
1 18 -8591.518299939
2 18 -11601.670499990
3 18 -294.876435280
4 18 -3850.018519790
5 18 -8511.896767179
6 18 -26879.234353379
7 18 89464.549336585
8 18 160089.487605986
9 18 9507.972585460
10 18 282410.058911910
11 18 -183160.312708520
12 18 -377888.408021306
13 18 6593475.481685179
14 18 13343235.773627652
15 18 -4063.631021408
16 18 47256404.391412392
17 18 -10291244.628924752
18 18 68871441.783704430
19 18 7174.422822853
20 18 -508709.295501466
21 18 15959.907302186
22 18 -4170099.532552949
23 18 -131463.494897478
24 18 -2350722.959858331
25 18 -30177.575279598
26 18 -71878.233526273
27 18 5650.419587122
28 18 -335573.340207218
29 18 121950.087589907
30 18 -138385.782745170
31 18 -98095.325748128
32 18 -295455.612087273
33 18 32030.551691956
34 18 -2528672.678993553
35 18 714115.918921946
36 18 -919748.039660236
37 18 -335414.801305999
38 18 -1042414.088007724
39 18 136431.548257243
40 18 -11972769.420287741
41 18 3404940.532301130
42 18 -2906649.495028762
43 18 -7814.972794230
44 18 -40575.492200602
45 18 1387.150003848
46 18 -59347.718250646
47 18 3873.180751699
48 18 -23152.297417981
49 18 -9985.985521467
50 18 -55830.271845852
51 18 2243.230066340
52 18 -91743.761925449
53 18 5762.402389040
54 18 -30371.949860087
55 18 -15027.288468669
56 18 -92457.853678308
57 18 4812.682652098
58 18 -222398.058348007
59 18 18084.262534873
60 18 -58755.215575652
61 18 -15165.960971900
62 18 -140743.860175988
63 18 7732.939436216
64 18 -443818.087309350
65 18 34258.354448935
66 18 -87801.837265441
67 18 -11589.490731042
68 18 -217705.317154270
69 18 19325.708073774
70 18 -3312883.480435643
71 18 137171.708545536
72 18 1432853.766390522
73 18 -8658.472891053
74 18 -86156.879287663
75 18 6900.535074497
76 18 -207151.626823014
77 18 8589.516177135
78 18 -35631.387319379
1 19 -46700.662399397
2 19 -2802.967329868
3 19 -28009.818461685
4 19 9907.440947603
5 19 49697.650061135
6 19 -13866.890013004
7 19 -305964.397295695
8 19 47914.887884381
9 19 -127129.343625508
10 19 145160.186808752
11 19 1374224.157006865
12 19 620998.511896228
13 19 -127915.572136761
14 19 -9326.052934019
15 19 -49652.062015663
16 19 -15928.044064065
17 19 639671.355621894
18 19 7174.422822853
19 19 60492421.793721072
20 19 1820499.043104913
21 19 8887387.384822948
22 19 3513687.037483049
23 19 -71968230.723044142
24 19 9899041.814659288
25 19 -97628.253191746
26 19 -13415.084917991
27 19 -20773.811069396
28 19 -23259.430154462
29 19 187335.611023796
30 19 -35741.777846233
31 19 -160806.859740907
32 19 -26516.282317252
33 19 -28616.152270888
34 19 -2733139.963151307
35 19 17045963.993054599
36 19 -3235924.089495975
37 19 -236434.094927340
38 19 -42836.386852172
39 19 -44942.662193450
40 19 -306232.143538236
41 19 1985459.107321349
42 19 -312400.893624278
43 19 -78236.448078652
44 19 -19883.126520045
45 19 -10887.284079243
46 19 -591588.620896237
47 19 4904424.998340507
48 19 -950639.958023633
49 19 -207791.668369138
50 19 -59208.515539970
51 19 -53379.805020682
52 19 -246386.298628532
53 19 1713194.949862737
54 19 -72595.912233881
55 19 -133507.868184089
56 19 -49296.805154906
57 19 -22115.942045695
58 19 -104572.609922841
59 19 344893.840677309
60 19 -76245.573970425
61 19 -119392.765586965
62 19 -33826.586021158
63 19 -4969.161508429
64 19 -213589.493849565
65 19 1140669.893681048
66 19 -219104.514541066
67 19 -137628.378152400
68 19 -38591.501928016
69 19 -2431.397107322
70 19 -439641.889195028
71 19 2683990.860236329
72 19 -438265.246460726
73 19 -47669.928717517
74 19 -19569.007997720
75 19 122.344766845
76 19 -34730.649527800
77 19 85011.288749628
78 19 -27587.042799389
1 20 -18521.001841310
2 20 -102367.943979990
3 20 7154.461622690
4 20 -73606.581023546
5 20 5079.902897910
6 20 -36080.960854252
7 20 -527.582161522
8 20 -389685.923614714
9 20 -34224.727784337
10 20 -1058409.437434701
11 20 59828.209928418
12 20 -591866.200491672
13 20 -9754.725025016
14 20 -193817.913530903
15 20 -2987.755881696
16 20 -888732.167723414
17 20 12491.656690828
18 20 -508709.295501466
19 20 1820499.043104913
20 20 69779785.317763105
21 20 -1178768.853903179
22 20 82126622.329746187
23 20 -3501713.889403806
24 20 30401584.566651687
25 20 -10234.595276066
26 20 -111382.798075029
27 20 5404.030761007
28 20 -210900.943135913
29 20 15658.603237390
30 20 -71228.411895916
31 20 -12748.280442129
32 20 -181428.145236236
33 20 16863.740972229
34 20 -19480390.483781941
35 20 939421.155732511
36 20 -4690529.477362121
37 20 -13081.184655659
38 20 -288769.316103702
39 20 25632.268601213
40 20 -2315377.304041098
41 20 38449.944952742
42 20 -536095.686613567
43 20 -9959.157477889
44 20 -114881.336604427
45 20 5013.576311793
46 20 -6306873.852692230
47 20 -78265.318172807
48 20 -788467.696587646
49 20 -25962.011976349
50 20 -349694.011677074
51 20 19785.762737368
52 20 -2519349.540789354
53 20 849.775952134
54 20 -850666.936031869
55 20 -26901.773113558
56 20 -228768.290880273
57 20 23565.185925727
58 20 -576432.030106688
59 20 39161.166773857
60 20 -167504.842867948
61 20 -14951.678140317
62 20 -170983.728964486
63 20 24269.152111735
64 20 -1474128.463247374
65 20 20741.618883464
66 20 -100293.496602360
67 20 -15469.955491294
68 20 -207427.984200510
69 20 31704.446943271
70 20 -3502931.823447602
71 20 4300.931144499
72 20 -25593.531802577
73 20 -10398.966459402
74 20 -76290.070850411
75 20 14492.603206989
76 20 -143679.222698196
77 20 13367.273117932
78 20 -30031.763645701
1 21 2057.791109971
2 21 11168.387794488
3 21 -11135.963492564
4 21 7306.998010995
5 21 -3927.409849626
6 21 5154.476218866
7 21 -10438.845162455
8 21 -52682.437692291
9 21 -57798.152987902
10 21 -430729.768866699
11 21 4118.534550655
12 21 -279949.471861295
13 21 -39981.827395563
14 21 2382.937488245
15 21 -27695.961617967
16 21 12544.886761479
17 21 299025.407055823
18 21 15959.907302186
19 21 8887387.384822946
20 21 -1178768.853903179
21 21 34167936.832941629
22 21 -6857104.910062931
23 21 -23686172.155213766
24 21 -11973.148079240
25 21 -28449.105005020
26 21 4540.460306847
27 21 -14620.239871920
28 21 25662.782365926
29 21 62990.460377751
30 21 -1884.612114185
31 21 -52335.628591479
32 21 18781.297880733
33 21 -18844.426286706
34 21 3290246.912568096
35 21 5911909.399472354
36 21 -131622.233810005
37 21 -89731.420510184
38 21 26682.803632863
39 21 -28559.054487427
40 21 300074.281552248
41 21 753692.061853258
42 21 -24813.304905854
43 21 -33719.265923059
44 21 2885.935287014
45 21 -12801.245641135
46 21 587026.199963455
47 21 1862393.618209473
48 21 -255759.113405196
49 21 -119534.834424230
50 21 16337.649890052
51 21 -43126.951635083
52 21 69743.372209149
53 21 1011534.876796422
54 21 27677.986054038
55 21 -77608.449133313
56 21 12370.117265772
57 21 -25702.695505561
58 21 43050.137457580
59 21 215826.799751867
60 21 -16763.345588829
61 21 -58737.153026125
62 21 11750.516444260
63 21 -13163.452457484
64 21 148127.939214102
65 21 519967.782659250
66 21 -83178.654298630
67 21 -70429.978540881
68 21 13166.445902181
69 21 -13259.258707364
70 21 267887.810791274
71 21 1206369.989109611
72 21 -191999.056663822
73 21 -26105.065143061
74 21 4741.121434298
75 21 -6951.352220545
76 21 12420.704606519
77 21 51734.348790050
78 21 -10208.561817587
1 22 -12178.939592643
2 22 -82921.049720923
3 22 6934.076113594
4 22 -74927.279452209
5 22 5948.522219644
6 22 -33093.976292844
7 22 217586.455119920
8 22 -1561305.318949489
9 22 -454085.374139064
10 22 -11020753.245325159
11 22 374457.736623475
12 22 -6609508.499155859
13 22 4303.266384793
14 22 -1110180.982882435
15 22 -17064.882065916
16 22 -6876425.123135470
17 22 -26284.892499438
18 22 -4170099.532552949
19 22 3513687.037483049
20 22 82126622.329746187
21 22 -6857104.910062932
22 22 1252955023.262332916
23 22 -7968047.447957202
24 22 450932111.005848348
25 22 -12870.891180392
26 22 -196721.460535088
27 22 25663.220893762
28 22 -913360.887370239
29 22 15455.366295829
30 22 -285371.539812701
31 22 -40978.232868921
32 22 -4048685.901392864
33 22 580454.751748271
34 22 -874589955.810930848
35 22 -14407578.642816953
36 22 -203287178.877100468
37 22 23635.407475147
38 22 -1747063.779767448
39 22 216577.076036877
40 22 -19043110.730170805
41 22 -834702.792214542
42 22 -4071018.814188942
43 22 -6287.274246991
44 22 -201456.542383872
45 22 14990.838551016
46 22 -183091948.907779455
47 22 -9528179.883216582
48 22 -20239071.148799468
49 22 37883.122260071
50 22 -1526383.240122846
51 22 28418.023485182
52 22 -18776645.881190117
53 22 -785644.099087287
54 22 -6305758.900390672
55 22 -13751.082498378
56 22 -438143.110977809
57 22 54935.906812134
58 22 -1256676.749085399
59 22 -21290.882354283
60 22 -331363.405092259
61 22 22030.559827775
62 22 -752582.030940290
63 22 130415.447345211
64 22 -12506467.700086394
65 22 -662497.944158127
66 22 -397811.951923524
67 22 44674.324654244
68 22 -1208038.769970296
69 22 192836.522633312
70 22 -40057881.572610386
71 22 -1945360.666861375
72 22 688320.946182199
73 22 -4303.363235823
74 22 -106841.186147310
75 22 23241.301324941
76 22 -223624.323077270
77 22 -3056.157386188
78 22 -41677.258445668
1 23 47079.391043182
2 23 -3597.316907304
3 23 21820.012233567
4 23 -10610.923556763
5 23 -61556.799030261
6 23 8949.925006780
7 23 1531878.934553329
8 23 -509977.029542327
9 23 663954.109706329
10 23 -1652192.653805937
11 23 -12528791.394027472
12 23 -6818020.701867464
13 23 750905.664328347
14 23 -1392.817312152
15 23 409548.436298670
16 23 11626.149452040
17 23 -6093762.261602897
18 23 -131463.494897478
19 23 -71968230.723044142
20 23 -3501713.889403806
21 23 -23686172.155213758
22 23 -7968047.447957260
23 23 1226239481.185551405
24 23 -217465722.154201776
25 23 182910.538180515
26 23 19919.016510082
27 23 47580.030558345
28 23 53505.930555799
29 23 -877226.570554922
30 23 205103.452673508
31 23 3761763.125705838
32 23 406764.276733381
33 23 788856.786430033
34 23 68629895.536777332
35 23 -828814800.479173779
36 23 143877511.861711919
37 23 1626125.167822971
38 23 184979.806207014
39 23 342018.288794742
40 23 1521917.292733480
41 23 -18413521.868130594
42 23 2560396.710543663
43 23 160010.708861064
44 23 27057.023590408
45 23 39942.040415533
46 23 10209683.810787227
47 23 -161330579.829858691
48 23 30361859.432312895
49 23 1262746.448066548
50 23 129082.716038175
51 23 404750.534689326
52 23 1285381.951638816
53 23 -17564627.495432753
54 23 -128615.978382860
55 23 351596.716799423
56 23 68830.590768835
57 23 80499.308430531
58 23 144140.360295331
59 23 -1063734.654133446
60 23 172999.555096405
61 23 705182.527168723
62 23 83953.193586611
63 23 33407.619223707
64 23 1117516.536616491
65 23 -11737196.316884113
66 23 2155384.406230427
67 23 1114133.461804849
68 23 119563.553132304
69 23 1578.226226009
70 23 3406054.213040957
71 23 -36960984.555313595
72 23 5820425.864277504
