# name: debug
# type: sparse matrix
# nnz: 1764
# rows: 42
# columns: 42

1 1 117344169.205490515
2 1 -1885742.706176609
3 1 -20410738.075090475
4 1 6290928.903597370
5 1 -656556971.034751892
6 1 3469138.720076886
7 1 -7866449.454782642
8 1 -599231.312635058
9 1 2461183.549333781
10 1 -15745975.613705993
11 1 76774985.560677782
12 1 3848298.640053218
13 1 -5457437.672491529
14 1 -535383.067057339
15 1 1256275.790816341
16 1 -3622659.012313482
17 1 40821003.452661254
18 1 -1695377.484351848
19 1 -3323302.831083545
20 1 30856.727890507
21 1 691808.086812063
22 1 -176320.333707867
23 1 24708272.672010593
24 1 5597133.611571825
25 1 -1761845.203739849
26 1 10864.195236354
27 1 351127.922994912
28 1 -392863.587394618
29 1 13468172.563268607
30 1 2100187.573790739
31 1 -970411.467323948
32 1 20280.947963878
33 1 200756.203491824
34 1 -311209.446542629
35 1 11763970.452977302
36 1 1418973.508902268
37 1 -459867.997456558
38 1 8865.063637831
39 1 115019.347867648
40 1 145825.394105385
41 1 5118485.392446515
42 1 -756216.437524401
1 2 -1885742.706176610
2 2 150300297.785881221
3 2 -1403612.934800610
4 2 751955955.749153376
5 2 -5216379.629739058
6 2 -238797210.863093555
7 2 125737.257011758
8 2 -13721542.119036058
9 2 426015.484025256
10 2 -93447578.792724982
11 2 8920515.437270049
12 2 41719165.341885611
13 2 351057.944378166
14 2 -8066414.113010621
15 2 295734.449989679
16 2 -53756271.203070916
17 2 -2354626.648890649
18 2 13564364.160109710
19 2 589806.050920382
20 2 -4100811.932320683
21 2 -293518.009418813
22 2 -26198570.427396808
23 2 -3113644.139072707
24 2 6787347.004195643
25 2 357944.494363437
26 2 -1878022.148812121
27 2 -113880.389286602
28 2 -13033697.187590394
29 2 -1868892.743440380
30 2 3301912.724940023
31 2 166099.492439728
32 2 -1073235.084310663
33 2 9955.872575440
34 2 -9329245.373803791
35 2 -836036.633905744
36 2 1261471.615615579
37 2 52770.219034519
38 2 -490391.019543803
39 2 44703.628407934
40 2 -5430291.358920405
41 2 -645651.660706621
42 2 968109.124235098
1 3 -20410738.075090475
2 3 -1403612.934800610
3 3 51089907.549896255
4 3 -4352772.529543418
5 3 155841111.333895952
6 3 -1074549.273858326
7 3 1757575.933157665
8 3 156115.512151598
9 3 -2672183.161843353
10 3 -3644494.471360208
11 3 -10903640.347302420
12 3 2506724.557330209
13 3 346225.070360949
14 3 -3383.340489869
15 3 -1456461.648157550
16 3 -1319957.704186395
17 3 -3211103.725104525
18 3 277217.460147618
19 3 79010.901725522
20 3 -537129.292036799
21 3 -707137.538772536
22 3 -4529673.408379745
23 3 -810912.342096786
24 3 1000514.470141119
25 3 27219.387524406
26 3 -317194.981297918
27 3 -281093.033322861
28 3 -2596254.152458557
29 3 -314234.914753340
30 3 579613.050723759
31 3 20871.547011671
32 3 -222404.257763884
33 3 -144935.250182714
34 3 -2316399.615723948
35 3 9375.625054741
36 3 244312.550681160
37 3 24130.975606016
38 3 -97532.807636195
39 3 -39531.193072232
40 3 -1248397.938017404
41 3 -203425.536059048
42 3 182958.606714150
1 4 6290928.903597370
2 4 751955955.749153376
3 4 -4352772.529543406
4 4 6597705591.464865685
5 4 -1304418843.643898010
6 4 -1608988592.664482355
7 4 -1042900.648238801
8 4 -82974566.548377842
9 4 3305739.245840409
10 4 -2196224510.737820148
11 4 1185072906.161433697
12 4 780979551.317409396
13 4 2766016.194675906
14 4 -47083940.316415831
15 4 1858489.411291266
16 4 -593764515.449221134
17 4 -4223942.519644343
18 4 102730337.875095055
19 4 2624847.748309578
20 4 -23902521.614305161
21 4 -2729689.059572628
22 4 -158820084.628708363
23 4 -12469535.267427212
24 4 35418285.325510979
25 4 1656640.685505812
26 4 -11015298.371328700
27 4 -1033503.691457645
28 4 -78977533.975705892
29 4 -7849215.331947332
30 4 17779269.560845450
31 4 802078.609799924
32 4 -6297411.449414465
33 4 -193702.966906752
34 4 -80039405.172072336
35 4 -2385527.503880578
36 4 -2680375.395333257
37 4 308584.722795682
38 4 -2906424.236761427
39 4 227428.921825993
40 4 -55417860.811928257
41 4 -8639901.362351624
42 4 5204592.166675866
1 5 -656556971.034751773
2 5 -5216379.629739061
3 5 155841111.333895952
4 5 -1304418843.643898726
5 5 6674231964.133700371
6 5 634918538.222544789
7 5 59659233.636864983
8 5 5584235.872959080
9 5 -19228498.367620800
10 5 1311201833.777589321
11 5 -2341126699.610314846
12 5 -576433481.992478728
13 5 35856015.824037604
14 5 2611517.765193555
15 5 -7874343.601248466
16 5 52370257.240389034
17 5 -309952428.889707506
18 5 20862443.446076561
19 5 20209243.339394387
20 5 328729.338844073
21 5 -3840254.028676527
22 5 7073907.790198490
23 5 -155116191.489228159
24 5 -31722566.241453465
25 5 10209212.067088384
26 5 216842.077142069
27 5 -1940136.811996647
28 5 5415809.615595036
29 5 -79462267.093757316
30 5 -11535938.599585356
31 5 5574024.153631669
32 5 -40198.685736950
33 5 -1031166.152770595
34 5 5897542.394360491
35 5 -121108380.866236046
36 5 -15869837.623992393
37 5 2657441.735205701
38 5 -63255.092400500
39 5 -579197.083060340
40 5 -2932120.971816813
41 5 -45477954.390781634
42 5 11270677.129906785
1 6 3469138.720076879
2 6 -238797210.863093555
3 6 -1074549.273858326
4 6 -1608988592.664482355
5 6 634918538.222545981
6 6 2064054546.412426472
7 6 -583179.336844925
8 6 31257730.081654072
9 6 -454001.018242460
10 6 571373608.668299556
11 6 -612761669.086253881
12 6 -467892483.780114293
13 6 -1151484.185895873
14 6 5919819.392792842
15 6 -79373.261144658
16 6 10801361.215348450
17 6 -8939563.718299292
18 6 -118717066.286251873
19 6 5240952.804445036
20 6 2366951.784883644
21 6 -820938.869157958
22 6 2345641.820039607
23 6 -40334563.687935062
24 6 -54631700.375912286
25 6 2435196.335903609
26 6 837177.925854002
27 6 -449543.901066087
28 6 970516.127443509
29 6 -20466427.484265544
30 6 -19669694.615163110
31 6 1524212.230349018
32 6 276507.329809560
33 6 -270939.153754479
34 6 -378320.058129062
35 6 -39348387.758100249
36 6 -16120001.173394592
37 6 561265.992364571
38 6 141692.797020832
39 6 -123047.402537007
40 6 -2166646.293340989
41 6 -12290192.490727929
42 6 341555.981291229
1 7 -7866449.454782642
2 7 125737.257011758
3 7 1757575.933157665
4 7 -1042900.648238801
5 7 59659233.636864983
6 7 -583179.336844925
7 7 111609738.830138102
8 7 -406738.514102049
9 7 -20110460.826579537
10 7 1041485.907022585
11 7 -599859333.269666553
12 7 7419978.586319898
13 7 -8158550.989710883
14 7 -1115069.999384778
15 7 1976812.056408852
16 7 -4758392.506697345
17 7 59249882.021792561
18 7 -5270021.922878916
19 7 -4306921.220172368
20 7 -124593.271635815
21 7 1178301.530855212
22 7 -1231465.647516889
23 7 30882951.756310359
24 7 2611249.152353476
25 7 -3196687.809316270
26 7 -15557.238658977
27 7 984806.932151259
28 7 -1162707.236306951
29 7 25306619.298208125
30 7 1917418.994960419
31 7 -1023986.321769279
32 7 -18819.215525862
33 7 300973.600940124
34 7 -391656.026171488
35 7 8225084.884124912
36 7 62196.587545502
37 7 -870947.377460777
38 7 27617.315684049
39 7 130895.566841077
40 7 25700.127883316
41 7 7182326.144830472
42 7 220623.252909460
1 8 -599231.312635058
2 8 -13721542.119036058
3 8 156115.512151598
4 8 -82974566.548377842
5 8 5584235.872959080
6 8 31257730.081654072
7 8 -406738.514102048
8 8 143299685.486188143
9 8 -1093937.853733890
10 8 693023071.993813276
11 8 -1403066.898218245
12 8 -225092661.057606816
13 8 -330690.386408028
14 8 -13660614.153775925
15 8 525133.379457047
16 8 -77625148.413514256
17 8 -95886.383178152
18 8 25366726.991461851
19 8 418330.136989280
20 8 -5780124.611880743
21 8 -23181.432935698
22 8 -34815006.183207758
23 8 -1852271.194843320
24 8 13703869.871047493
25 8 590254.160672491
26 8 -4440001.626328676
27 8 45870.074951574
28 8 -28273263.862854555
29 8 -2430152.279603146
30 8 13010832.174309513
31 8 95449.937732206
32 8 -1228291.117574682
33 8 59720.623604595
34 8 -8471192.302277744
35 8 -269683.578987063
36 8 3448613.918179380
37 8 68978.041478507
38 8 -855788.852749830
39 8 26347.062779266
40 8 -6745349.434019861
41 8 -328859.091876199
42 8 1032867.520108486
1 9 2461183.549333781
2 9 426015.484025256
3 9 -2672183.161843353
4 9 3305739.245840409
5 9 -19228498.367620800
6 9 -454001.018242460
7 9 -20110460.826579537
8 9 -1093937.853733889
9 9 49636440.981882945
10 9 -8305416.193693027
11 9 154317213.387392342
12 9 361580.991195494
13 9 1171728.980847590
14 9 285882.970765424
15 9 -2722025.569774250
16 9 2400249.929651831
17 9 -10066957.093275255
18 9 31589.712823648
19 9 580570.230078201
20 9 -364777.541846004
21 9 -986607.864134604
22 9 -2765304.192545348
23 9 -5009140.716962785
24 9 795892.374406902
25 9 476989.655181619
26 9 -435542.904726703
27 9 -728403.708739271
28 9 -3176572.288868081
29 9 -4404636.768079515
30 9 1221650.617510191
31 9 135307.242576537
32 9 -208287.122849148
33 9 -153370.207300219
34 9 -1472164.854250951
35 9 -1208684.732668277
36 9 590091.096332996
37 9 34325.167782362
38 9 -197702.079977650
39 9 -80729.203091553
40 9 -1643419.420854214
41 9 -167635.073787291
42 9 245172.238950613
1 10 -15745975.613705993
2 10 -93447578.792724982
3 10 -3644494.471360208
4 10 -2196224510.737820148
5 10 1311201833.777589321
6 10 571373608.668299556
7 10 1041485.907023322
8 10 693023071.993813276
9 10 -8305416.193693124
10 10 5943782689.550077438
11 10 -1239489362.519396544
12 10 -1708613366.855725765
13 10 378858.367080814
14 10 -76582554.283144295
15 10 3201000.195315090
16 10 -461616108.840600073
17 10 -13082526.535322966
18 10 137390703.024875313
19 10 2154611.033367381
20 10 -33059023.680621162
21 10 -946027.300474129
22 10 -205911403.175684750
23 10 -9602035.037098475
24 10 71598537.151490301
25 10 3064714.663358968
26 10 -25652350.997807298
27 10 -491370.621563700
28 10 -169228757.483769000
29 10 -12385529.214356512
30 10 67529146.090923399
31 10 591856.163617575
32 10 -7119425.118933074
33 10 145809.662375285
34 10 -50451253.969301872
35 10 -2111307.425573318
36 10 18554951.817284316
37 10 362494.500975601
38 10 -5240724.421708367
39 10 -6960.949066239
40 10 -42514593.758498527
41 10 -1448695.376524286
42 10 5156087.402992869
1 11 76774985.560677782
2 11 8920515.437270049
3 11 -10903640.347302420
4 11 1185072906.161433697
5 11 -2341126699.610314846
6 11 -612761669.086253881
7 11 -599859333.269664526
8 11 -1403066.898218566
9 11 154317213.387392223
10 11 -1239489362.519343138
11 11 6197461911.586727142
12 11 564343008.331800938
13 11 55210778.510067560
14 11 4309028.152114320
15 11 -13669191.259762304
16 11 17770194.173379857
17 11 -426765569.036423385
18 11 25363159.810684882
19 11 26669688.059519529
20 11 755082.162811849
21 11 -7567276.559610774
22 11 8924560.687728826
23 11 -198112811.164833426
24 11 -14299203.103941316
25 11 19844105.748661723
26 11 99052.864395945
27 11 -6370178.971053041
28 11 9283141.579043385
29 11 -162971065.586808622
30 11 -9315427.832215676
31 11 6018891.718374437
32 11 -63773.785569677
33 11 -1816874.960893750
34 11 1744661.739775664
35 11 -49403625.188531682
36 11 866282.068381994
37 11 5103656.501811421
38 11 -139171.261680373
39 11 -665885.320448581
40 11 470307.356802022
41 11 -42690826.414447971
42 11 -809546.881118269
1 12 3848298.640053218
2 12 41719165.341885611
3 12 2506724.557330209
4 12 780979551.317409396
5 12 -576433481.992478728
6 12 -467892483.780114293
7 12 7419978.586320334
8 12 -225092661.057606727
9 12 361580.991195518
10 12 -1708613366.855629444
11 12 564343008.331818104
12 12 2004630617.813194513
13 12 -5570024.701189489
14 12 18267293.307095539
15 12 24611.913340464
16 12 84269490.388339713
17 12 19890409.783585615
18 12 -255463492.183903366
19 12 2912599.749674365
20 12 8511379.713766992
21 12 -711014.896605507
22 12 38612580.537919618
23 12 -25061279.723007888
24 12 -72549483.847034946
25 12 2526134.522246979
26 12 7242032.414701583
27 12 -931607.486046658
28 12 33972242.958474703
29 12 -26654897.298713401
30 12 -60106496.709889784
31 12 1062346.132001999
32 12 1599823.641351714
33 12 -403731.647259587
34 12 8536710.297807224
35 12 -10256313.741803348
36 12 -11505300.838861564
37 12 1333950.406852840
38 12 195337.797889000
39 12 -171313.236935397
40 12 79970.534464503
41 12 -11930900.700608661
42 12 -5488333.095898023
1 13 -5457437.672491529
2 13 351057.944378166
3 13 346225.070360949
4 13 2766016.194675906
5 13 35856015.824037604
6 13 -1151484.185895873
7 13 -8158550.989710883
8 13 -330690.386408028
9 13 1171728.980847590
10 13 378858.367080814
11 13 55210778.510067560
12 13 -5570024.701189489
13 13 109117908.430735126
14 13 -889480.432379596
15 13 -19881526.984155040
16 13 -4836314.324266850
17 13 -591899219.231117725
18 13 -16431863.647551460
19 13 -6191229.417182930
20 13 30090.881698573
21 13 2103160.800712149
22 13 -639304.467981691
23 13 46718032.218166575
24 13 3828841.613216803
25 13 -5683901.910565477
26 13 124167.825823192
27 13 1310705.173268241
28 13 -889395.466592960
29 13 43464673.425046869
30 13 4776422.418941676
31 13 -2639814.089891638
32 13 224830.529998072
33 13 578822.165916395
34 13 474389.438593013
35 13 24999527.382494953
36 13 -82108.263579858
37 13 -1581233.776627745
38 13 94533.135549482
39 13 196473.522007186
40 13 160764.570367251
41 13 12945485.051862694
42 13 -219945.112116890
1 14 -535383.067057339
2 14 -8066414.113010621
3 14 -3383.340489869
4 14 -47083940.316415831
5 14 2611517.765193555
6 14 5919819.392792842
7 14 -1115069.999384778
8 14 -13660614.153775925
9 14 285882.970765424
10 14 -76582554.283144295
11 14 4309028.152114320
12 14 18267293.307095539
13 14 -889480.432379594
14 14 137675691.300219059
15 14 1403239.117168523
16 14 677438992.267799020
17 14 4981559.505303045
18 14 -224035438.060922623
19 14 435624.595388111
20 14 -10845185.235327618
21 14 143014.289560091
22 14 -62758803.105365112
23 14 -1143475.819351487
24 14 34529280.575026453
25 14 740720.665322412
26 14 -7424255.770001558
27 14 -37489.175816332
28 14 -48504712.598261818
29 14 -2603045.797686124
30 14 18790421.889110018
31 14 400359.967755412
32 14 -3474155.022548519
33 14 234122.236009176
34 14 -27618072.511035368
35 14 -1405766.536166067
36 14 8739891.178912073
37 14 110336.288083119
38 14 -1728982.738620840
39 14 153371.833576989
40 14 -12982879.114727862
41 14 -232457.781518586
42 14 1802754.784430072
1 15 1256275.790816341
2 15 295734.449989679
3 15 -1456461.648157550
4 15 1858489.411291266
5 15 -7874343.601248466
6 15 -79373.261144658
7 15 1976812.056408852
8 15 525133.379457047
9 15 -2722025.569774250
10 15 3201000.195315090
11 15 -13669191.259762304
12 15 24611.913340464
13 15 -19881526.984155040
14 15 1403239.117168523
15 15 48574378.079813890
16 15 13964293.251733705
17 15 153256319.520581126
18 15 -145245.181036215
19 15 1731401.022092798
20 15 -407648.651843242
21 15 -2033669.908792528
22 15 -3313518.030665462
23 15 -15122191.640076457
24 15 1226372.664499554
25 15 970271.370525148
26 15 -799590.926262105
27 15 -1326016.186447322
28 15 -6267926.230574518
29 15 -8215694.263126821
30 15 1493259.557743014
31 15 451128.401675641
32 15 -533348.416118819
33 15 -592219.106559712
34 15 -4808393.367191788
35 15 -3918320.035380646
36 15 1312891.362732733
37 15 144843.784401894
38 15 -330373.834362484
39 15 -236625.364362077
40 15 -2532221.492222666
41 15 -917040.000387822
42 15 370390.605555484
1 16 -3622659.012313482
2 16 -53756271.203070916
3 16 -1319957.704186395
4 16 -593764515.449221134
5 16 52370257.240389034
6 16 10801361.215348450
7 16 -4758392.506697345
8 16 -77625148.413514256
9 16 2400249.929651831
10 16 -461616108.840600073
11 16 17770194.173379857
12 16 84269490.388339713
13 16 -4836314.324266803
14 16 677438992.267799020
15 16 13964293.251733717
16 16 4633744049.363317490
17 16 -9717867.782690372
18 16 -1140518818.158482790
19 16 2306597.534544219
20 16 -61637463.514361486
21 16 -727898.396286871
22 16 -372779956.484656513
23 16 -6204996.815503452
24 16 175140117.327555239
25 16 3782659.083221875
26 16 -44654655.634179935
27 16 -1852739.736134134
28 16 -304907570.407599747
29 16 -12694763.396470377
30 16 94730128.185043097
31 16 2253900.722210482
32 16 -21813393.452641390
33 16 634197.312897866
34 16 -247498509.351719707
35 16 -18220699.777211864
36 16 40930815.787960656
37 16 613441.272139034
38 16 -10827182.677944586
39 16 535344.524233626
40 16 -83568336.457923263
41 16 -591467.171361282
42 16 7888025.042269017
1 17 40821003.452661254
2 17 -2354626.648890649
3 17 -3211103.725104525
4 17 -4223942.519644343
5 17 -309952428.889707506
6 17 -8939563.718299292
7 17 59249882.021792561
8 17 -95886.383178152
9 17 -10066957.093275255
10 17 -13082526.535322966
11 17 -426765569.036423385
12 17 19890409.783585615
13 17 -591899219.231117725
14 17 4981559.505303096
15 17 153256319.520581126
16 17 -9717867.782687036
17 17 4407287617.484053612
18 17 137404926.882807612
19 17 43059651.863021016
20 17 -448458.549406837
21 17 -16291883.366867220
22 17 5020626.014402295
23 17 -342390933.532082975
24 17 -20658088.316866115
25 17 36913414.540111132
26 17 -592993.885689078
27 17 -9106196.292267364
28 17 9294497.707232179
29 17 -294205966.866836667
30 17 -27055430.891568080
31 17 17954361.563682947
32 17 -1593552.843907637
33 17 -3725608.747317175
34 17 -7917686.041590639
35 17 -222634950.378524154
36 17 14364292.446276942
37 17 9937014.242637232
38 17 -555810.610825523
39 17 -1054231.642872717
40 17 115027.671742512
41 17 -83309598.564781085
42 17 3671971.628217875
1 18 -1695377.484351848
2 18 13564364.160109710
3 18 277217.460147618
4 18 102730337.875095055
5 18 20862443.446076561
6 18 -118717066.286251873
7 18 -5270021.922878916
8 18 25366726.991461851
9 18 31589.712823648
10 18 137390703.024875313
11 18 25363159.810684882
12 18 -255463492.183903366
13 18 -16431863.647551483
14 18 -224035438.060922623
15 18 -145245.181036215
16 18 -1140518818.158482790
17 18 137404926.882802784
18 18 1744767783.641706705
19 18 4341064.925726469
20 18 29614416.348437782
21 18 -1225319.309596555
22 18 146641639.534349680
23 18 -38631402.859379120
24 18 -187057285.353255808
25 18 6058993.752755200
26 18 13790807.034191635
27 18 -1255273.816491870
28 18 69735204.462592095
29 18 -56988344.909998670
30 18 -114822654.310813785
31 18 3132494.089360553
32 18 5770112.445705926
33 18 -910156.730534411
34 18 32313061.459302861
35 18 -50592648.470308572
36 18 -51703240.894558690
37 18 2096494.029102571
38 18 931078.718468976
39 18 -262242.163234794
40 18 4546419.161706108
41 18 -20318039.976852275
42 18 -19089699.641251285
1 19 -3323302.831083545
2 19 589806.050920382
3 19 79010.901725522
4 19 2624847.748309578
5 19 20209243.339394387
6 19 5240952.804445036
7 19 -4306921.220172368
8 19 418330.136989280
9 19 580570.230078201
10 19 2154611.033367381
11 19 26669688.059519529
12 19 2912599.749674365
13 19 -6191229.417182930
14 19 435624.595388111
15 19 1731401.022092798
16 19 2306597.534544219
17 19 43059651.863021016
18 19 4341064.925726469
19 19 100700649.663572907
20 19 -4828926.724874805
21 19 -21050032.347323973
22 19 -15772658.463475548
23 19 -547225251.986195683
24 19 -22139992.428266555
25 19 -8537835.706439076
26 19 1443751.144689069
27 19 2447631.959519234
28 19 3854902.772563894
29 19 64592921.211106852
30 19 -5267214.849846712
31 19 -5279028.543592619
32 19 196103.898039977
33 19 1453102.072514095
34 19 -337087.445174474
35 19 42423934.272896543
36 19 121273.212294153
37 19 -3401460.917417543
38 19 318336.511658979
39 19 806112.000281312
40 19 1394420.833883346
41 19 30363103.723228656
42 19 -4537807.351356108
1 20 30856.727890507
2 20 -4100811.932320683
3 20 -537129.292036799
4 20 -23902521.614305161
5 20 328729.338844073
6 20 2366951.784883644
7 20 -124593.271635815
8 20 -5780124.611880743
9 20 -364777.541846004
10 20 -33059023.680621162
11 20 755082.162811849
12 20 8511379.713766992
13 20 30090.881698573
14 20 -10845185.235327618
15 20 -407648.651843242
16 20 -61637463.514361486
17 20 -448458.549406837
18 20 29614416.348437782
19 20 -4828926.716921842
20 20 128029121.335072294
21 20 1553976.260800793
22 20 631693251.150715232
23 20 15918919.156046590
24 20 -254827006.850972205
25 20 2134580.850264677
26 20 -13791184.732343439
27 20 691034.055397398
28 20 -84034359.692665830
29 20 -7297178.442268589
30 20 45945432.903133750
31 20 335770.077828564
32 20 -7515756.118937095
33 20 391277.606747660
34 20 -49961491.591939159
35 20 733534.539695872
36 20 24423145.737098049
37 20 232934.900287702
38 20 -4516306.076576944
39 20 589190.850637879
40 20 -36558380.819984086
41 20 22978.374262835
42 20 13034624.923828488
1 21 691808.086812063
2 21 -293518.009418813
3 21 -707137.538772536
4 21 -2729689.059572628
5 21 -3840254.028676527
6 21 -820938.869157958
7 21 1178301.530855212
8 21 -23181.432935698
9 21 -986607.864134604
10 21 -946027.300474129
11 21 -7567276.559610774
12 21 -711014.896605507
13 21 2103160.800712149
14 21 143014.289560091
15 21 -2033669.908792528
16 21 -727898.396286871
17 21 -16291883.366867220
18 21 -1225319.309596555
19 21 -21050032.339897163
20 21 1553976.261789558
21 21 45411284.751309909
22 21 20667897.895807777
23 21 167997234.780203164
24 21 -147698.570462688
25 21 2275128.643432519
26 21 -89892.802309664
27 21 -2638224.247600157
28 21 -454966.997286982
29 21 -20159261.215067193
30 21 1557749.011467546
31 21 1289446.020540335
32 21 -884337.152292179
33 21 -1313823.604929690
34 21 -5974998.355867288
35 21 -11790624.013084346
36 21 2670059.459872416
37 21 747762.780356016
38 21 -513202.454187801
39 21 -706619.309310975
40 21 -3806124.898780836
41 21 -6894097.191507967
42 21 2169868.467645149
1 22 -176320.333707867
2 22 -26198570.427396808
3 22 -4529673.408379745
4 22 -158820084.628708363
5 22 7073907.790198490
6 22 2345641.820039607
7 22 -1231465.647516889
8 22 -34815006.183207758
9 22 -2765304.192545348
10 22 -205911403.175684750
11 22 8924560.687728826
12 22 38612580.537919618
13 22 -639304.467981691
14 22 -62758803.105365112
15 22 -3313518.030665462
16 22 -372779956.484656513
17 22 5020626.014402295
18 22 146641639.534349680
19 22 -15773325.000623100
20 22 631692539.975361228
21 22 20667865.839922477
22 22 2622956071.916717529
23 22 -1618566373.116900682
24 22 -2118943638.100899696
25 22 9294941.271844344
26 22 -80410413.453971907
27 22 3110560.078283563
28 22 -514964066.544605553
29 22 -23175607.441821657
30 22 228347222.925265610
31 22 2141736.231321985
32 22 -45308842.147660151
33 22 1056261.630677348
34 22 -314078899.511837244
35 22 1383019.887058035
36 22 127990103.241454735
37 22 1586014.495706322
38 22 -28686942.087291792
39 22 3446775.514982167
40 22 -354533448.688250184
41 22 -18587075.930331971
42 22 80054390.194731414
1 23 24708272.672010593
2 23 -3113644.139072707
3 23 -810912.342096786
4 23 -12469535.267427212
5 23 -155116191.489228159
6 23 -40334563.687935062
7 23 30882951.756310359
8 23 -1852271.194843320
9 23 -5009140.716962785
10 23 -9602035.037098475
11 23 -198112811.164833426
12 23 -25061279.723007888
13 23 46718032.218166575
14 23 -1143475.819351487
15 23 -15122191.640076457
16 23 -6204996.815503452
17 23 -342390933.532082975
18 23 -38631402.859379120
19 23 -547227744.197255135
20 23 15917759.007288415
21 23 167995616.504766881
22 23 -2075537483.116944790
23 23 6566705898.939180374
24 23 1966080168.385020494
25 23 59793525.164262988
26 23 -5853108.723238247
27 23 -19956398.589804590
28 23 -859275.897192589
29 23 -478095039.163514435
30 23 21711927.733749494
31 23 35984072.848317862
32 23 -2337032.372816220
33 23 -11247050.888689466
34 23 -1343252.292157826
35 23 -300622465.428055942
36 23 6629762.100439983
37 23 23813130.066977214
38 23 -2742733.646306379
39 23 -5837251.956739548
40 23 -27493631.741153989
41 23 -281382013.166045487
42 23 64856550.166716419
1 24 5597133.611571825
2 24 6787347.004195643
3 24 1000514.470141119
4 24 35418285.325510979
5 24 -31722566.241453465
6 24 -54631700.375912286
7 24 2611249.152353476
8 24 13703869.871047493
9 24 795892.374406902
10 24 71598537.151490301
11 24 -14299203.103941316
12 24 -72549483.847034946
13 24 3828841.613216803
14 24 34529280.575026453
15 24 1226372.664499554
16 24 175140117.327555239
17 24 -20658088.316866115
18 24 -187057285.353255808
19 24 -22142555.358259186
20 24 -254827516.785306007
21 24 -148492.879373049
22 24 -2418491738.100895405
23 24 1541805668.384995222
24 24 2511491372.656154633
25 24 -3744325.469825430
26 24 40038781.145913228
27 24 -1540233.277264068
28 24 203856146.828913271
29 24 -8060667.792501297
30 24 -260795966.417688459
31 24 4417062.959875854
32 24 19254512.208172202
33 24 -2289298.499064804
34 24 108331426.021444917
35 24 -51070543.142052956
36 24 -124983120.496159405
37 24 1846150.753075944
38 24 9575878.968071399
39 24 -1627140.917772308
40 24 72242028.304503754
41 24 -32671023.899899904
42 24 -62311525.048047438
1 25 -1761845.203739849
2 25 357944.494363437
3 25 27219.387524406
4 25 1656640.685505812
5 25 10209212.067088384
6 25 2435196.335903609
7 25 -3196687.809316270
8 25 590254.160672491
9 25 476989.655181619
10 25 3064714.663358968
11 25 19844105.748661723
12 25 2526134.522246979
13 25 -5683901.910565477
14 25 740720.665322412
15 25 970271.370525148
16 25 3782659.083221875
17 25 36913414.540111132
18 25 6058993.752755200
19 25 -8537835.706439076
20 25 2134580.850264677
21 25 2275128.643432519
22 25 9294941.271844344
23 25 59793525.164262988
24 25 -3744325.469825430
25 25 99386570.557868794
26 25 -6476978.042989773
27 25 -17209572.923825346
28 25 -28657602.537231937
29 25 -577989075.768331885
30 25 -15309100.352992749
31 25 -8245426.113940598
32 25 758831.889691112
33 25 1506710.108811531
34 25 11934113.377217416
35 25 80047550.188236922
36 25 -3007036.063134936
37 25 -5720575.399892953
38 25 149088.927741594
39 25 605137.534707229
40 25 1133724.002061458
41 25 48927546.050066143
42 25 2289934.194445602
1 26 10864.195236354
2 26 -1878022.148812121
3 26 -317194.981297918
4 26 -11015298.371328700
5 26 216842.077142069
6 26 837177.925854002
7 26 -15557.238658977
8 26 -4440001.626328676
9 26 -435542.904726703
10 26 -25652350.997807298
11 26 99052.864395945
12 26 7242032.414701583
13 26 124167.825823192
14 26 -7424255.770001558
15 26 -799590.926262105
16 26 -44654655.634179935
17 26 -592993.885689078
18 26 13790807.034191635
19 26 1443751.144689069
20 26 -13791184.732343439
21 26 -89892.802309664
22 26 -80410413.453971907
23 26 -5853108.723238247
24 26 40038781.145913228
25 26 -6476978.042989773
26 26 120447275.542518556
27 26 1303445.502370456
28 26 659761683.531548977
29 26 28691107.774234649
30 26 -233481789.674716622
31 26 502880.079186277
32 26 -12577666.445991248
33 26 485842.383293476
34 26 -112905269.480987698
35 26 -8487369.378828160
36 26 38334903.628490001
37 26 -257173.447909430
38 26 -6710215.235629116
39 26 208366.610257667
40 26 -52117277.296306513
41 26 2384178.814814269
42 26 8102367.665548461
1 27 351127.922994912
2 27 -113880.389286602
3 27 -281093.033322861
4 27 -1033503.691457645
5 27 -1940136.811996647
6 27 -449543.901066087
7 27 984806.932151259
8 27 45870.074951574
9 27 -728403.708739271
10 27 -491370.621563700
11 27 -6370178.971053041
12 27 -931607.486046658
13 27 1310705.173268241
14 27 -37489.175816332
15 27 -1326016.186447322
16 27 -1852739.736134134
17 27 -9106196.292267364
18 27 -1255273.816491870
19 27 2447631.959519234
20 27 691034.055397398
21 27 -2638224.247600157
22 27 3110560.078283563
23 27 -19956398.589804590
24 27 -1540233.277264068
25 27 -17209572.923825350
26 27 1303445.502370456
27 27 44250357.452748597
28 27 21338170.343525525
29 27 148774491.700074047
30 27 -33505.237002687
31 27 1540562.071899444
32 27 -1007709.563933814
33 27 -2287343.445815300
34 27 -10003755.423338221
35 27 -16818972.581411075
36 27 3104078.818381658
37 27 635926.223425935
38 27 -962275.691913136
39 27 -1038195.118884801
40 27 -8158191.928642803
41 27 -4714458.875687853
42 27 912775.896132574
1 28 -392863.587394618
2 28 -13033697.187590394
3 28 -2596254.152458557
4 28 -78977533.975705892
5 28 5415809.615595036
6 28 970516.127443509
7 28 -1162707.236306951
8 28 -28273263.862854555
9 28 -3176572.288868081
10 28 -169228757.483769000
11 28 9283141.579043385
12 28 33972242.958474703
13 28 -889395.466592960
14 28 -48504712.598261818
15 28 -6267926.230574518
16 28 -304907570.407599747
17 28 9294497.707232179
18 28 69735204.462592095
19 28 3854902.772563894
20 28 -84034359.692665830
21 28 -454966.997286982
22 28 -514964066.544605553
23 28 -859275.897192589
24 28 203856146.828913271
25 28 -28657602.537231937
26 28 659761683.531548977
27 28 21338170.343525525
28 28 6546558550.289596558
29 28 708796088.611596704
30 28 -1440183188.618417740
31 28 4314711.777104067
32 28 -87624535.748710603
33 28 2976747.465587580
34 28 -2721734128.704185963
35 28 -702629841.052941322
36 28 451582047.223625660
37 28 -1152673.218366174
38 28 -48012439.465742931
39 28 -255241.438526352
40 28 -410055948.743158817
41 28 14012334.500401195
42 28 32483020.396155566
1 29 13468172.563268607
2 29 -1868892.743440380
3 29 -314234.914753340
4 29 -7849215.331947332
5 29 -79462267.093757316
6 29 -20466427.484265544
7 29 25306619.298208125
8 29 -2430152.279603146
9 29 -4404636.768079515
10 29 -12385529.214356512
11 29 -162971065.586808622
12 29 -26654897.298713401
13 29 43464673.425046869
14 29 -2603045.797686124
15 29 -8215694.263126821
16 29 -12694763.396470377
17 29 -294205966.866836667
18 29 -56988344.909998670
19 29 64592921.211106852
20 29 -7297178.442268589
21 29 -20159261.215067193
22 29 -23175607.441821657
23 29 -478095039.163514435
24 29 -8060667.792501297
25 29 -577989075.768331885
26 29 28691107.774234653
27 29 148774491.700074047
28 29 708796088.611596704
29 29 5458124809.511691093
30 29 178201366.696344376
31 29 66152736.409320690
32 29 -7252716.562561499
33 29 -13090388.083646500
34 29 -758019831.090154767
35 29 -1461918704.717387676
36 29 317542774.119443297
37 29 43104051.328991517
38 29 -2104214.916647056
39 29 -3950047.852608801
40 29 -13014417.071541807
41 29 -400787314.676886916
42 29 -16314473.106074711
1 30 2100187.573790739
2 30 3301912.724940023
3 30 579613.050723759
4 30 17779269.560845450
5 30 -11535938.599585356
6 30 -19669694.615163110
7 30 1917418.994960419
8 30 13010832.174309513
9 30 1221650.617510191
10 30 67529146.090923399
11 30 -9315427.832215676
12 30 -60106496.709889784
13 30 4776422.418941676
14 30 18790421.889110018
15 30 1493259.557743014
16 30 94730128.185043097
17 30 -27055430.891568080
18 30 -114822654.310813785
19 30 -5267214.849846712
20 30 45945432.903133750
21 30 1557749.011467546
22 30 228347222.925265610
23 30 21711927.733749494
24 30 -260795966.417688459
25 30 -15309100.352992749
26 30 -233481789.674716622
27 30 -33505.237002687
28 30 -1440183188.618417740
29 30 178201366.696344227
30 30 1702282246.361483335
31 30 6707506.889450528
32 30 32383388.018254403
33 30 -2415415.569529666
34 30 439867008.379298747
35 30 -9618597.871394873
36 30 -292319203.150680363
37 30 8209855.224023444
38 30 7637261.906883446
39 30 -748788.318048903
40 30 38013718.035873756
41 30 -86425804.672471926
42 30 -108525462.582491189
1 31 -970411.467323948
2 31 166099.492439728
3 31 20871.547011671
4 31 802078.609799924
5 31 5574024.153631669
6 31 1524212.230349018
7 31 -1023986.321769279
8 31 95449.937732206
9 31 135307.242576537
10 31 591856.163617575
11 31 6018891.718374437
12 31 1062346.132001999
13 31 -2639814.089891638
14 31 400359.967755412
15 31 451128.401675641
16 31 2253900.722210482
17 31 17954361.563682947
18 31 3132494.089360553
19 31 -5279028.543592619
20 31 335770.077828564
21 31 1289446.020540335
22 31 2141736.231321985
23 31 35984072.848317862
24 31 4417062.959875854
25 31 -8245426.113940598
26 31 502880.079186277
27 31 1540562.071899444
28 31 4314711.777104067
29 31 66152736.409320690
30 31 6707506.889450528
31 31 71198962.134343147
32 31 -4348004.463536298
33 31 -7657950.125540327
34 31 -16777659.428755447
35 31 -397165783.151326537
36 31 -4250045.790765797
37 31 -6513143.764844133
38 31 874387.521696976
39 31 -204120.191557792
40 31 4890648.213205772
41 31 60585972.888551496
42 31 4388198.405547187
1 32 20280.947963878
2 32 -1073235.084310663
3 32 -222404.257763884
4 32 -6297411.449414465
5 32 -40198.685736950
6 32 276507.329809560
7 32 -18819.215525862
8 32 -1228291.117574682
9 32 -208287.122849148
10 32 -7119425.118933074
11 32 -63773.785569677
12 32 1599823.641351714
13 32 224830.529998072
14 32 -3474155.022548519
15 32 -533348.416118819
16 32 -21813393.452641390
17 32 -1593552.843907637
18 32 5770112.445705926
19 32 196103.898039977
20 32 -7515756.118937095
21 32 -884337.152292179
22 32 -45308842.147660151
23 32 -2337032.372816220
24 32 19254512.208172202
25 32 758831.889691112
26 32 -12577666.445991248
27 32 -1007709.563933814
28 32 -87624535.748710603
29 32 -7252716.562561499
30 32 32383388.018254403
31 32 -4348004.463536408
32 32 84591688.211372405
33 32 127936.739957910
34 32 446955178.550320208
35 32 15349796.911079491
36 32 -114149974.454830185
37 32 634138.620283479
38 32 -8470463.672817240
39 32 -223663.183401845
40 32 -69734581.025544360
41 32 -3061323.442336181
42 32 -3920774.199152034
1 33 200756.203491824
2 33 9955.872575440
3 33 -144935.250182714
4 33 -193702.966906752
5 33 -1031166.152770595
6 33 -270939.153754479
7 33 300973.600940124
8 33 59720.623604595
9 33 -153370.207300219
10 33 145809.662375285
11 33 -1816874.960893750
12 33 -403731.647259587
13 33 578822.165916395
14 33 234122.236009176
15 33 -592219.106559712
16 33 634197.312897866
17 33 -3725608.747317175
18 33 -910156.730534411
19 33 1453102.072514095
20 33 391277.606747660
21 33 -1313823.604929690
22 33 1056261.630677348
23 33 -11247050.888689466
24 33 -2289298.499064804
25 33 1506710.108811531
26 33 485842.383293476
27 33 -2287343.445815300
28 33 2976747.465587580
29 33 -13090388.083646500
30 33 -2415415.569529666
31 33 -7657950.125540334
32 33 127936.739957954
33 33 36639083.817587152
34 33 4781944.597945628
35 33 65849597.969276927
36 33 1427862.515982287
37 33 -109511.556872557
38 33 -727344.434110964
39 33 -1494119.518284823
40 33 -7098505.485391881
41 33 4023317.245381507
42 33 -139181.780602316
1 34 -311209.446542629
2 34 -9329245.373803791
3 34 -2316399.615723948
4 34 -80039405.172072336
5 34 5897542.394360491
6 34 -378320.058129062
7 34 -391656.026171488
8 34 -8471192.302277744
9 34 -1472164.854250951
10 34 -50451253.969301872
11 34 1744661.739775664
12 34 8536710.297807224
13 34 474389.438593013
14 34 -27618072.511035368
15 34 -4808393.367191788
16 34 -247498509.351719707
17 34 -7917686.041590639
18 34 32313061.459302861
19 34 -337087.445174474
20 34 -49961491.591939159
21 34 -5974998.355867288
22 34 -314078899.511837244
23 34 -1343252.292157826
24 34 108331426.021444917
25 34 11934113.377217416
26 34 -112905269.480987698
27 34 -10003755.423338221
28 34 -2721734128.704185963
29 34 -758019831.090154767
30 34 439867008.379298747
31 34 -16777659.428315341
32 34 446955178.550749302
33 34 4781944.598186718
34 34 5791022272.403114319
35 34 680074313.479897380
36 34 -759908227.239788651
37 34 2879585.294935351
38 34 -68427813.936697125
39 34 -3559705.711653475
40 34 -614980115.596159577
41 34 -2731926.087524010
42 34 -85680566.778020605
1 35 11763970.452977302
2 35 -836036.633905744
3 35 9375.625054741
4 35 -2385527.503880578
5 35 -121108380.866236046
6 35 -39348387.758100249
7 35 8225084.884124912
8 35 -269683.578987063
9 35 -1208684.732668277
10 35 -2111307.425573318
11 35 -49403625.188531682
12 35 -10256313.741803348
13 35 24999527.382494953
14 35 -1405766.536166067
15 35 -3918320.035380646
16 35 -18220699.777211864
17 35 -222634950.378524154
18 35 -50592648.470308572
19 35 42423934.272896543
20 35 733534.539695872
21 35 -11790624.013084346
22 35 1383019.887058035
23 35 -300622465.428055942
24 35 -51070543.142052956
25 35 80047550.188236922
26 35 -8487369.378828160
27 35 -16818972.581411075
28 35 -702629841.052941322
29 35 -1461918704.717387676
30 35 -9618597.871394873
31 35 -397165783.151338696
32 35 15349796.911879553
33 35 65849597.969481774
34 35 680074319.911621451
35 35 4577806724.067449570
36 35 -165159197.299574733
37 35 58251909.904788688
38 35 -4894648.588349428
39 35 4576282.230070262
40 35 -18559824.409198180
41 35 -593520995.133507371
42 35 -37432969.310462505
1 36 1418973.508902268
2 36 1261471.615615579
3 36 244312.550681160
4 36 -2680375.395333257
5 36 -15869837.623992393
6 36 -16120001.173394592
7 36 62196.587545502
8 36 3448613.918179380
9 36 590091.096332996
10 36 18554951.817284316
11 36 866282.068381994
12 36 -11505300.838861564
13 36 -82108.263579858
14 36 8739891.178912073
15 36 1312891.362732733
16 36 40930815.787960656
17 36 14364292.446276942
18 36 -51703240.894558690
19 36 121273.212294153
20 36 24423145.737098049
21 36 2670059.459872416
22 36 127990103.241454735
23 36 6629762.100439983
24 36 -124983120.496159405
25 36 -3007036.063134936
26 36 38334903.628490001
27 36 3104078.818381658
28 36 451582047.223625660
29 36 317542774.119443297
30 36 -292319203.150680363
31 36 -4250045.790987940
32 36 -114149974.454409361
33 36 1427862.515982269
34 36 -759908225.751884937
35 36 -165159198.239756465
36 36 1405301334.300328970
37 36 7006104.094157759
38 36 -3327089.079514795
39 36 370150.845118920
40 36 -76300203.906401724
41 36 -75562905.436855420
42 36 -209355016.781653821
1 37 -459867.997456558
2 37 52770.219034519
3 37 24130.975606016
4 37 308584.722795682
5 37 2657441.735205701
6 37 561265.992364571
7 37 -870947.377460777
8 37 68978.041478507
9 37 34325.167782362
10 37 362494.500975601
11 37 5103656.501811421
12 37 1333950.406852840
13 37 -1581233.776627745
14 37 110336.288083119
15 37 144843.784401894
16 37 613441.272139034
17 37 9937014.242637232
18 37 2096494.029102571
19 37 -3401460.917417543
20 37 232934.900287702
21 37 747762.780356016
22 37 1586014.495706322
23 37 23813130.066977214
24 37 1846150.753075944
25 37 -5720575.399892953
26 37 -257173.447909430
27 37 635926.223425935
28 37 -1152673.218366174
29 37 43104051.328991517
30 37 8209855.224023444
31 37 -6513143.764844133
32 37 634138.620283479
33 37 -109511.556872557
34 37 2879585.294935351
35 37 58251909.904788688
36 37 7006104.094157759
37 37 57762396.859561436
38 37 -2055325.672042742
39 37 -3306582.382617748
40 37 -8034419.481450591
41 37 -290976062.982252538
42 37 683480.160734707
1 38 8865.063637831
2 38 -490391.019543803
3 38 -97532.807636195
4 38 -2906424.236761427
5 38 -63255.092400500
6 38 141692.797020832
7 38 27617.315684049
8 38 -855788.852749830
9 38 -197702.079977650
10 38 -5240724.421708367
11 38 -139171.261680373
12 38 195337.797889000
13 38 94533.135549482
14 38 -1728982.738620840
15 38 -330373.834362484
16 38 -10827182.677944586
17 38 -555810.610825523
18 38 931078.718468976
19 38 318336.511658979
20 38 -4516306.076576944
21 38 -513202.454187801
22 38 -28686942.087291792
23 38 -2742733.646306379
24 38 9575878.968071399
25 38 149088.927741594
26 38 -6710215.235629116
27 38 -962275.691913136
28 38 -48012439.465742931
29 38 -2104214.916647056
30 38 7637261.906883446
31 38 874387.521696976
32 38 -8470463.672817240
33 38 -727344.434110964
34 38 -68427813.936697125
35 38 -4894648.588349428
36 38 -3327089.079514795
37 38 -2055325.672042741
38 38 63497206.600588709
39 38 -302688.575056375
40 38 313051742.506337941
41 38 7701392.644147507
42 38 -33470743.988689378
1 39 115019.347867648
2 39 44703.628407934
3 39 -39531.193072232
4 39 227428.921825993
5 39 -579197.083060340
6 39 -123047.402537007
7 39 130895.566841077
8 39 26347.062779266
9 39 -80729.203091553
10 39 -6960.949066239
11 39 -665885.320448581
12 39 -171313.236935397
13 39 196473.522007186
14 39 153371.833576989
15 39 -236625.364362077
16 39 535344.524233626
17 39 -1054231.642872717
18 39 -262242.163234794
19 39 806112.000281312
20 39 589190.850637879
21 39 -706619.309310975
22 39 3446775.514982167
23 39 -5837251.956739548
24 39 -1627140.917772308
25 39 605137.534707229
26 39 208366.610257667
27 39 -1038195.118884801
28 39 -255241.438526352
29 39 -3950047.852608801
30 39 -748788.318048903
31 39 -204120.191557792
32 39 -223663.183401845
33 39 -1494119.518284823
34 39 -3559705.711653475
35 39 4576282.230070262
36 39 370150.845118920
37 39 -3306582.382617748
38 39 -302688.575056376
39 39 31040954.118399963
40 39 -54134.597045256
41 39 20203470.418817636
42 39 333026.837303080
1 40 145825.394105385
2 40 -5430291.358920405
3 40 -1248397.938017404
4 40 -55417860.811928257
5 40 -2932120.971816813
