# name: debug
# type: sparse matrix
# nnz: 6084
# rows: 78
# columns: 78

1 1 65229955.402795620
2 1 -9438655.467183011
3 1 13484938.559401162
4 1 -16052644.272447547
5 1 -209038608.429142743
6 1 -13490246.035646129
7 1 -8846612.285080150
8 1 -433478.028657868
9 1 -2070927.055418507
10 1 -2475190.110031666
11 1 33184255.343488134
12 1 -4438426.833656662
13 1 -5589638.009070916
14 1 34923.133674656
15 1 -1591147.505936375
16 1 -1487066.938992128
17 1 17030967.437605605
18 1 406447.984648463
19 1 -5093323.862112663
20 1 -198039.074453470
21 1 -1291660.185126930
22 1 95385.028990873
23 1 17383749.437743776
24 1 431799.708390988
25 1 -3259574.882365677
26 1 -50236.770282162
27 1 -544023.586587220
28 1 -177355.483427782
29 1 12671457.847070197
30 1 1476919.264237080
31 1 -2613870.435105936
32 1 303860.581024967
33 1 -514387.280877092
34 1 923390.073394638
35 1 10643155.879793815
36 1 2211108.342447318
37 1 -1324614.950346038
38 1 272747.747093281
39 1 -306853.179078012
40 1 403998.811366355
41 1 3476270.296628482
42 1 348472.837958304
43 1 -890244.732599529
44 1 141076.881091294
45 1 -293607.944538343
46 1 257381.825200614
47 1 2615159.415104598
48 1 -15112.177623749
49 1 -1035926.548272507
50 1 173023.936734294
51 1 -229989.387190230
52 1 299818.964452525
53 1 3025950.578848095
54 1 290518.451727029
55 1 -692929.620243443
56 1 161155.922514356
57 1 -234928.499771792
58 1 164599.155945074
59 1 1632990.023781789
60 1 343425.810851094
61 1 -541831.260405888
62 1 125882.931317338
63 1 -207410.827668749
64 1 57162.790762448
65 1 1287288.910724265
66 1 317199.272891834
67 1 -322060.169126437
68 1 60698.718678735
69 1 -167588.604746703
70 1 1570.736647147
71 1 756896.961712944
72 1 173036.719697360
73 1 -350794.149879623
74 1 66031.222576608
75 1 -195245.425901101
76 1 -40200.958493447
77 1 744134.430460221
78 1 200098.622587561
1 2 -9438655.467183014
2 2 86086213.400058299
3 2 3843477.161789754
4 2 235696721.337871194
5 2 18314853.825985745
6 2 64509970.638480872
7 2 988914.404548153
8 2 -11972066.195368102
9 2 659595.312553601
10 2 -39436440.546404831
11 2 -2902041.046189206
12 2 -14841846.523642024
13 2 1629143.522542298
14 2 -7984231.637609534
15 2 -91850.624347428
16 2 -20171864.079845414
17 2 -3068448.091238134
18 2 -7899565.472446208
19 2 1547116.029584303
20 2 -6857955.570083260
21 2 -51381.465715808
22 2 -23732313.109284420
23 2 -7333268.733019200
24 2 -3779455.008842246
25 2 1170204.150870782
26 2 -4188609.267683208
27 2 -44046.531715328
28 2 -11298485.100650234
29 2 -3556464.873888938
30 2 -2359365.390557281
31 2 907945.805176981
32 2 -3358422.349876022
33 2 -86285.431008537
34 2 -8137860.543935193
35 2 -2521860.166968693
36 2 -2136690.296347362
37 2 560046.707002735
38 2 -1651921.604502390
39 2 25698.714774666
40 2 -3964710.955425710
41 2 -1254094.121325586
42 2 -1100492.725321299
43 2 369183.081907029
44 2 -1315524.015771107
45 2 185104.224892123
46 2 -3165838.491025886
47 2 -1024127.861467761
48 2 -1131348.651878707
49 2 433952.203113329
50 2 -1427544.960298111
51 2 104833.058030201
52 2 -3407782.060157405
53 2 -1076101.860215334
54 2 -740962.359727432
55 2 345596.004900264
56 2 -1094650.266675970
57 2 32979.694556709
58 2 -2063807.404619607
59 2 -654123.584545225
60 2 -752846.385055162
61 2 359784.648370026
62 2 -853871.097571668
63 2 26889.091899499
64 2 -1612559.273631835
65 2 -701635.647129272
66 2 -761316.610805794
67 2 237550.579719501
68 2 -630772.104711166
69 2 40345.200627949
70 2 -1008946.939771984
71 2 -426344.110664434
72 2 -628168.117816805
73 2 269140.157239156
74 2 -726066.023953655
75 2 51177.494349773
76 2 -1093424.389884410
77 2 -438229.163074986
78 2 -730234.672032123
1 3 13484938.559401162
2 3 3843477.161789753
3 3 18637879.787204675
4 3 6279503.735498684
5 3 -44195951.204949677
6 3 -2262209.553538173
7 3 -2369837.727806828
8 3 -219216.020110210
9 3 -2417530.101839657
10 3 1020049.123968101
11 3 10954989.384920137
12 3 -687200.666935012
13 3 -1801364.829322778
14 3 -945193.398475098
15 3 -1657494.017853223
16 3 -1976408.673498657
17 3 5940270.990528763
18 3 -431811.501993276
19 3 -1538585.569128833
20 3 -890090.993290014
21 3 -1382021.475151490
22 3 -6421231.779038355
23 3 2057517.555642512
24 3 1372607.502789655
25 3 -799641.074601200
26 3 -538064.767869769
27 3 -809319.985450644
28 3 -1525540.103051885
29 3 1845825.297264538
30 3 -183471.648394985
31 3 -869727.087429372
32 3 -472105.856241624
33 3 -614331.617097334
34 3 -1171023.355400667
35 3 1826560.172418267
36 3 -112265.781424723
37 3 -493779.525502633
38 3 -256416.397494167
39 3 -320641.900312209
40 3 -497979.573367887
41 3 1301671.735011589
42 3 -49891.103850347
43 3 -373262.585890845
44 3 -207680.008594940
45 3 -254633.364367663
46 3 -369163.038704289
47 3 1077690.384089632
48 3 -175593.656740576
49 3 -324031.151652996
50 3 -291774.936785501
51 3 -234980.814935062
52 3 -657822.075554625
53 3 793749.635679577
54 3 -79714.920695415
55 3 -284259.047172642
56 3 -213649.660392637
57 3 -212583.848222639
58 3 -450218.919074602
59 3 598832.962197809
60 3 -41798.916327736
61 3 -190043.567197909
62 3 -208210.402464414
63 3 -172019.399299450
64 3 -464077.531120349
65 3 413385.751747438
66 3 -84956.177796024
67 3 -141328.998621397
68 3 -149229.715509490
69 3 -134587.517700219
70 3 -307338.397676212
71 3 305627.486458140
72 3 -91638.920404004
73 3 -166594.662664684
74 3 -167321.744695982
75 3 -156191.686197300
76 3 -327803.507196438
77 3 356145.284279979
78 3 -108324.093952089
1 4 -16052644.272447553
2 4 235696721.337871164
3 4 6279503.735498685
4 4 952868993.319332242
5 4 171252548.828132987
6 4 159083665.933275342
7 4 2051193.841489580
8 4 -38437015.026520208
9 4 3730473.683827301
10 4 -139074489.321263611
11 4 -11396271.082883425
12 4 -53976950.397413045
13 4 2274594.321095420
14 4 -19304156.611409150
15 4 209895.058982907
16 4 -58241982.207154505
17 4 -7132896.219623410
18 4 -21812754.139132697
19 4 2565724.154997915
20 4 -16666556.642353473
21 4 36968.073099909
22 4 -237965031.880696148
23 4 -133672948.208140492
24 4 61188281.534468830
25 4 2380651.578698297
26 4 -10041888.305183334
27 4 78274.119224011
28 4 -35489323.634109095
29 4 -22110459.745786920
30 4 -9188402.250642849
31 4 1253311.554167427
32 4 -6774125.877075360
33 4 20172.188263017
34 4 -22007435.226396445
35 4 -14029259.831625612
36 4 -7345733.518844201
37 4 728282.163816509
38 4 -3144680.196466799
39 4 191401.692988799
40 4 -9363933.705278197
41 4 -2566925.464826174
42 4 -1808484.418266007
43 4 462803.494444839
44 4 -2453479.685620854
45 4 413952.239303369
46 4 -7187352.329799814
47 4 -1909931.209702171
48 4 -2066408.630016061
49 4 554283.608671070
50 4 -2594515.274813218
51 4 208729.180776563
52 4 -7835761.564363940
53 4 -2123958.202103878
54 4 -932529.827209193
55 4 347913.069590880
56 4 -1589293.821376480
57 4 15599.462694705
58 4 -3822167.713588956
59 4 -967958.004873029
60 4 -707494.431905108
61 4 387110.336960733
62 4 -1245725.450505365
63 4 -3249.722882566
64 4 -3038929.365208843
65 4 -1099543.591715888
66 4 -927796.429609801
67 4 229484.449712798
68 4 -804303.624192482
69 4 -623.133169969
70 4 -1690798.108813528
71 4 -541615.681423256
72 4 -735110.850336530
73 4 235985.488558488
74 4 -875109.000451685
75 4 1454.419578385
76 4 -1628403.028939157
77 4 -427458.768223260
78 4 -797774.618837960
1 5 -209038608.429142982
2 5 18314853.825985715
3 5 -44195951.204949655
4 5 171252548.828132987
5 5 919869376.504873395
6 5 42219957.708705150
7 5 32851312.209345669
8 5 3078540.393185976
9 5 9908210.216080325
10 5 9483372.307323463
11 5 -141523819.339784324
12 5 22884901.628820475
13 5 16398965.410792125
14 5 2041958.060235333
15 5 5313141.861111983
16 5 7301853.113298721
17 5 -59489914.310586900
18 5 3850727.319618033
19 5 14815582.785148839
20 5 2029115.148569989
21 5 4306063.199327385
22 5 -77676746.703513741
23 5 -120235612.733821452
24 5 28568469.552993771
25 5 9865541.971872358
26 5 765710.577034364
27 5 1876958.012259457
28 5 -6227343.808522059
29 5 -66182208.814515002
30 5 -9596368.786869071
31 5 6761185.701512706
32 5 -134873.857208463
33 5 1640684.864576992
34 5 -8402076.628916347
35 5 -58602505.570078701
36 5 -16029442.897347299
37 5 2955223.829597019
38 5 -155555.380207215
39 5 816024.282172479
40 5 -592072.640934208
41 5 -9320590.283079987
42 5 90159.378567086
43 5 2102244.167613568
44 5 4294.835765927
45 5 762626.079388863
46 5 -293909.272670189
47 5 -7267422.445529354
48 5 729591.536635303
49 5 2224689.137117784
50 5 -26922.446621932
51 5 484805.752597620
52 5 -378167.017050163
53 5 -7618114.915782781
54 5 -82844.215934683
55 5 1246467.308030918
56 5 -21082.849429257
57 5 416354.886027576
58 5 6187.306927035
59 5 -3348935.342719336
60 5 -418202.407288531
61 5 917168.843958598
62 5 52486.391016205
63 5 362341.540348910
64 5 320528.629512487
65 5 -2523985.707226436
66 5 -300595.962033681
67 5 532272.146969203
68 5 76669.204154873
69 5 285579.910493647
70 5 294478.176662925
71 5 -1436409.996701882
72 5 -135085.605679392
73 5 535018.398957951
74 5 107880.915283031
75 5 321590.885226544
76 5 474002.197339980
77 5 -1250447.221757074
78 5 -141008.293261503
1 6 -13490246.035646139
2 6 64509970.638480887
3 6 -2262209.553538184
4 6 159083665.933275759
5 6 42219957.708705314
6 6 300769632.099425256
7 6 -1665839.359170510
8 6 -15628286.381989703
9 6 828365.146358646
10 6 -57833408.397268333
11 6 7881970.559482360
12 6 -57543468.560202196
13 6 2581202.430114549
14 6 -8182762.835844115
15 6 481262.997677605
16 6 -23541751.857811227
17 6 -5387942.011691247
18 6 -20951188.160656091
19 6 2973173.981241925
20 6 -6540435.023283400
21 6 467324.696942976
22 6 23227611.435304489
23 6 13379516.537464235
24 6 -38351595.196983546
25 6 2259138.695181575
26 6 -2805582.632517142
27 6 250856.246520478
28 6 -11615053.388105532
29 6 -19440000.516538873
30 6 -12104892.314556183
31 6 1999013.240020386
32 6 -2721746.488568265
33 6 351018.095010294
34 6 -10838454.342623258
35 6 -24836390.824449610
36 6 -12590660.339742769
37 6 1029184.883218952
38 6 -1473860.069523233
39 6 193472.390531055
40 6 -3576423.260163337
41 6 -2564754.370065316
42 6 -1778344.416389205
43 6 678435.462737215
44 6 -1299330.571387309
45 6 333327.908292858
46 6 -3237239.599503428
47 6 -2222087.844309662
48 6 -1977563.117064344
49 6 924818.339069258
50 6 -1050827.926651578
51 6 185485.015694752
52 6 -2446942.527606551
53 6 -2871939.262764174
54 6 -1475090.079447317
55 6 614896.328188054
56 6 -871887.395082933
57 6 116295.433818094
58 6 -1447009.443137063
59 6 -1486808.795978829
60 6 -938488.371719995
61 6 572757.195837350
62 6 -699939.943711183
63 6 114706.443837700
64 6 -1170060.441503276
65 6 -1383869.824084744
66 6 -910324.436239335
67 6 346394.648395711
68 6 -530780.245504889
69 6 91502.150946821
70 6 -753731.273206076
71 6 -803483.054051359
72 6 -667368.517588833
73 6 365019.790114079
74 6 -602869.172655406
75 6 102759.085784020
76 6 -766503.141096991
77 6 -721006.700488633
78 6 -734277.270235731
1 7 -8846612.285080150
2 7 988914.404548153
3 7 -2369837.727806828
4 7 2051193.841489580
5 7 32851312.209345669
6 7 -1665839.359170510
7 7 66592560.333622180
8 7 -4029377.034539352
9 7 9991673.916592546
10 7 -3480887.290701183
11 7 -207530318.553282946
12 7 -15365766.242877699
13 7 -8237534.641611100
14 7 -857914.846349870
15 7 -2315245.803829354
16 7 -3169977.964530472
17 7 32976023.455648955
18 7 -2804920.362558178
19 7 -6214708.434450435
20 7 -19645.384454359
21 7 -1083552.479194839
22 7 -1516842.541364640
23 7 20191756.680619873
24 7 -646430.528375347
25 7 -6953405.638932504
26 7 -349620.630549911
27 7 45148.002562021
28 7 -2149471.383811422
29 7 21081716.574934386
30 7 4346981.916908630
31 7 -4207590.891658347
32 7 -203970.243420413
33 7 341976.818639687
34 7 -507500.409773247
35 7 13785583.588624749
36 7 3377158.326808312
37 7 -2530996.001329560
38 7 242399.110473062
39 7 -107794.659055196
40 7 247839.487657548
41 7 7297211.156052257
42 7 1152199.145861625
43 7 -1951345.393583290
44 7 198057.776648675
45 7 -94350.370652362
46 7 196999.203568191
47 7 6516280.081035868
48 7 672677.158868055
49 7 -769201.825779298
50 7 103628.700377342
51 7 -107744.555976476
52 7 254601.461855762
53 7 2449892.653009643
54 7 -111051.081156980
55 7 -1052584.997248936
56 7 213805.073950545
57 7 -153339.229181820
58 7 45746.571770762
59 7 2825035.534246723
60 7 627951.896880809
61 7 -679763.011428497
62 7 88319.717555341
63 7 -130772.340935241
64 7 -144810.703294822
65 7 2078619.830480916
66 7 452609.304989776
67 7 -586101.518709063
68 7 39377.791068833
69 7 -184926.850737562
70 7 -179212.724107142
71 7 1613018.076249359
72 7 270258.541002024
73 7 -308672.080120485
74 7 -29354.343398506
75 7 -56798.253070772
76 7 -296440.344960434
77 7 843727.021052395
78 7 187432.811020192
1 8 -433478.028657868
2 8 -11972066.195368102
3 8 -219216.020110210
4 8 -38437015.026520208
5 8 3078540.393185976
6 8 -15628286.381989703
7 8 -4029377.034539352
8 8 88909492.420455694
9 8 5015784.329714360
10 8 237926734.021241218
11 8 4255598.397165623
12 8 43277513.222492822
13 8 158950.769669574
14 8 -11188854.797037978
15 8 139593.093084074
16 8 -39388745.310219638
17 8 -776016.254599381
18 8 -16257167.548449792
19 8 1309220.253691826
20 8 -9428946.655450759
21 8 71413.690419928
22 8 -24573644.572469879
23 8 -2267434.874291734
24 8 -3635512.437656807
25 8 1488760.439983333
26 8 -10677057.377649855
27 8 -732330.391700789
28 8 -25117413.902103327
29 8 -2452218.348277385
30 8 3572711.731628313
31 8 162015.957740256
32 8 -5275963.315181223
33 8 -482542.647843458
34 8 -14542991.421194080
35 8 -453211.102506806
36 8 1997794.065185986
37 8 381016.039333386
38 8 -3174943.390007779
39 8 -138067.757837651
40 8 -7888826.955227011
41 8 -657367.395345698
42 8 -223749.085631750
43 8 391092.466796223
44 8 -2649957.713461523
45 8 143578.565507939
46 8 -7020055.113739789
47 8 -747478.797278685
48 8 230488.378093240
49 8 183088.978976545
50 8 -974377.903671180
51 8 147429.194506719
52 8 -2865690.830371448
53 8 -586072.818341160
54 8 -299492.348337319
55 8 313635.885078261
56 8 -1495187.054531466
57 8 -1081.177742060
58 8 -3129674.879942720
59 8 -327491.701188184
60 8 -379905.113515136
61 8 245160.352441596
62 8 -976763.257748030
63 8 28672.898677995
64 8 -2236704.255254101
65 8 -290200.834266951
66 8 -464728.602909570
67 8 231617.230088762
68 8 -934590.843452597
69 8 51540.999858381
70 8 -1873657.386558174
71 8 -339227.989683443
72 8 -690497.646355104
73 8 100199.163570529
74 8 -475350.882754503
75 8 54422.025950324
76 8 -985934.440468453
77 8 -58085.178778210
78 8 -304829.054369235
1 9 -2070927.055418507
2 9 659595.312553601
3 9 -2417530.101839657
4 9 3730473.683827301
5 9 9908210.216080325
6 9 828365.146358646
7 9 9991673.916592536
8 9 5015784.329714354
9 9 18768447.275626041
10 9 8021677.603299147
11 9 -33783270.912986614
12 9 -774711.106464415
13 9 -2380951.170753542
14 9 -423996.382164934
15 9 -2180805.652867865
16 9 -395108.009377142
17 9 11261886.731775684
18 9 -501422.721128031
19 9 -1288726.725108145
20 9 -440092.331457834
21 9 -1853236.717814242
22 9 -576455.450756319
23 9 3877137.404837609
24 9 -173637.235639116
25 9 -610134.285084034
26 9 -1168223.230990937
27 9 -2343534.413581034
28 9 -3045256.915246121
29 9 -412873.641178234
30 9 422519.514909809
31 9 -364004.053539211
32 9 -848813.982457053
33 9 -1059638.391316031
34 9 -2665408.589811993
35 9 169484.936764594
36 9 578656.832323671
37 9 -503596.874791858
38 9 -510865.001027034
39 9 -592604.414535650
40 9 -1240580.164857676
41 9 997605.111098816
42 9 202839.778598601
43 9 -366270.594379269
44 9 -492630.469134914
45 9 -495212.943412699
46 9 -1221155.779385081
47 9 629466.439144552
48 9 127120.992820346
49 9 -163444.441697638
50 9 -124819.823022000
51 9 -132973.279159610
52 9 -254030.734344762
53 9 457114.417797101
54 9 -44946.481599417
55 9 -257848.776960069
56 9 -268736.635148929
57 9 -277993.141540879
58 9 -619387.080536907
59 9 396511.182893757
60 9 30651.514918863
61 9 -154286.448286036
62 9 -196428.611103669
63 9 -185934.249593654
64 9 -530482.388594853
65 9 340875.813766293
66 9 -39439.284428267
67 9 -174749.915949422
68 9 -188255.803172956
69 9 -165084.263769418
70 9 -432090.009538847
71 9 414797.062251519
72 9 -99626.185713455
73 9 -79884.615799428
74 9 -75464.950653825
75 9 -78365.843854461
76 9 -145834.799232300
77 9 187835.105884718
78 9 -70230.049448454
1 10 -2475190.110031666
2 10 -39436440.546404831
3 10 1020049.123968101
4 10 -139074489.321263611
5 10 9483372.307323463
6 10 -57833408.397268333
7 10 -3480887.290701182
8 10 237926734.021241307
9 10 8021677.603299156
10 10 753605448.108264923
11 10 39248261.341199934
12 10 143186367.065366119
13 10 164290.993102609
14 10 -38560167.313403197
15 10 1539005.620125962
16 10 -149651552.623168886
17 10 -7327148.129837212
18 10 -58437046.033114083
19 10 2040850.025999835
20 10 -23611055.912195429
21 10 686427.868379881
22 10 -69845850.072213590
23 10 -5431553.959305135
24 10 -10925099.574944558
25 10 2112141.480428383
26 10 -23774441.633065727
27 10 -2042468.383434129
28 10 -64968885.641056105
29 10 -6774949.543222729
30 10 11202425.129216932
31 10 -71042.461532147
32 10 -13024545.124624383
33 10 -1492253.336825441
34 10 -39965748.677682839
35 10 -2429494.342229414
36 10 6972531.839626498
37 10 268214.241847042
38 10 -6736268.592371148
39 10 -269825.695939951
40 10 -19480559.571859919
41 10 -1361060.879941152
42 10 1051985.210333543
43 10 445558.967793828
44 10 -5818948.627285077
45 10 275294.933897198
46 10 -18049683.223864302
47 10 -1557182.354710249
48 10 2037050.367986144
49 10 314715.252184878
50 10 -2192976.220731579
51 10 409159.211200687
52 10 -7455978.026411026
53 10 -1536132.081077032
54 10 -428238.976733412
55 10 218122.039844172
56 10 -2516551.231815129
57 10 -23626.233723752
58 10 -6685618.109576783
59 10 -359084.593201110
60 10 594645.703695216
61 10 222331.171004542
62 10 -1746870.914217356
63 10 -9952.919247932
64 10 -5080968.246831320
65 10 -112459.000139904
66 10 -163416.540832855
67 10 201307.714250600
68 10 -1484912.692362879
69 10 32837.837573566
70 10 -3684826.591498259
71 10 -247940.049666879
72 10 -712509.145127786
73 10 49948.619669822
74 10 -758720.234002971
75 10 95326.265725420
76 10 -1870284.281651517
77 10 175990.712870386
78 10 -256678.684057521
1 11 33184255.343488134
2 11 -2902041.046189206
3 11 10954989.384920137
4 11 -11396271.082883425
5 11 -141523819.339784324
6 11 7881970.559482360
7 11 -207530318.553282917
8 11 4255598.397165609
9 11 -33783270.912986636
10 11 39248261.341199800
11 11 786138298.394201756
12 11 15268593.212672384
13 11 32157501.131262645
14 11 3761447.566964881
15 11 10925151.583306743
16 11 9277484.209917547
17 11 -148584991.525816560
18 11 14780526.123685656
19 11 19192461.920321338
20 11 1638002.471570794
21 11 3322607.303342406
22 11 6480944.177594685
23 11 -69457232.313670382
24 11 4809657.202178250
25 11 18687539.465596274
26 11 2167153.791652277
27 11 -1370601.675458659
28 11 6309839.905771802
29 11 -65563874.090236090
30 11 -7679748.115411030
31 11 11309421.101601485
32 11 839602.240965325
33 11 -1142520.654115974
34 11 243818.934833255
35 11 -41136383.727977246
36 11 -6746837.576553139
37 11 5935042.747380529
38 11 -21260.516716685
39 11 180878.143993905
40 11 -484546.701438527
41 11 -19613602.262764622
42 11 -1362267.187579393
43 11 4759538.604632655
44 11 -15445.698267478
45 11 6837.766131615
46 11 -196127.313082634
47 11 -18524297.709822211
48 11 -427599.845273185
49 11 1869225.692968592
50 11 -120687.268543246
51 11 269890.021820979
52 11 -696317.532675894
53 11 -6725961.160755273
54 11 710837.991012780
55 11 2039363.063094317
56 11 27047.956517777
57 11 129368.015914575
58 11 391707.960888871
59 11 -6568231.492383211
60 11 -836812.379634351
61 11 1408578.700940599
62 11 130988.776350021
63 11 170479.591363263
64 11 917414.289427759
65 11 -4975233.464825771
66 11 -692213.045710188
67 11 1129796.459668222
68 11 197696.544704457
69 11 301906.050146013
70 11 847711.882304353
71 11 -3468996.977248086
72 11 -316121.661902944
73 11 582837.230035262
74 11 248123.450006653
75 11 60469.919912566
76 11 997815.410761851
77 11 -1793910.321797501
78 11 -296247.144715604
1 12 -4438426.833656662
2 12 -14841846.523642024
3 12 -687200.666935012
4 12 -53976950.397413045
5 12 22884901.628820475
6 12 -57543468.560202196
7 12 -15365766.242877699
8 12 43277513.222492851
9 12 -774711.106464419
10 12 143186367.065366179
11 12 15268593.212672351
12 12 265410233.894946277
13 12 -913377.942854513
14 12 -16056621.420568386
15 12 421225.603710191
16 12 -57939319.066102691
17 12 3806440.218745373
18 12 -63330798.700735278
19 12 484416.438686371
20 12 -4243878.155883408
21 12 117850.043109470
22 12 -13363266.564119136
23 12 -228860.538532194
24 12 -22738439.712686148
25 12 4122034.754390199
26 12 1347293.078296530
27 12 -378299.642509371
28 12 4271958.008042852
29 12 -10032038.146554684
30 12 -27261153.731340677
31 12 3240256.973962747
32 12 -100439.907731884
33 12 -374187.401397055
34 12 -46072.512578050
35 12 -9549259.679851755
36 12 -12707866.039782410
37 12 1638373.383370843
38 12 -1233364.038078778
39 12 -35492.798097139
40 12 -2319181.052175023
41 12 -4312921.193572214
42 12 -4809685.812085908
43 12 1500200.593574078
44 12 -785835.027538677
45 12 1535.128385594
46 12 -1432702.460100465
47 12 -5449008.144433263
48 12 -4703568.942959110
49 12 425590.808837429
50 12 -541152.289151676
51 12 132281.349285182
52 12 -1562990.516317256
53 12 -1557433.642153474
54 12 -1084757.615776365
55 12 826870.913731146
56 12 -707971.235253397
57 12 -24047.066527824
58 12 -592201.702169598
59 12 -2223334.386027927
60 12 -1757128.659624691
61 12 602441.106007526
62 12 -507099.321452267
63 12 13206.544842544
64 12 -547543.866843717
65 12 -1850243.237702426
66 12 -1404659.378740674
67 12 477793.030881492
68 12 -591268.878618570
69 12 73002.803472408
70 12 -743679.323120949
71 12 -1232937.483662814
72 12 -920324.872737826
73 12 236625.420513082
74 12 -244350.588675146
75 12 8610.138812527
76 12 -181768.665353346
77 12 -595254.752870652
78 12 -501433.606293736
1 13 -5589638.009070916
2 13 1629143.522542298
3 13 -1801364.829322778
4 13 2274594.321095420
5 13 16398965.410792125
6 13 2581202.430114549
7 13 -8237534.641611100
8 13 158950.769669574
9 13 -2380951.170753542
10 13 164290.993102609
11 13 32157501.131262645
12 13 -913377.942854513
13 13 61729581.679340340
14 13 -7206121.181262307
15 13 13123844.811100578
16 13 -5350270.042840776
17 13 -185378143.340436548
18 13 -23647764.705833830
19 13 -6670304.528807138
20 13 -49531.654195445
21 13 -1885176.280423576
22 13 -864748.741978927
23 13 23286601.571720235
24 13 410593.307426130
25 13 -7853376.902899990
26 13 624854.292223367
27 13 -718047.230758091
28 13 -1123324.754981109
29 13 24117241.402417175
30 13 4348641.188553221
31 13 -5092594.750251301
32 13 514543.076703424
33 13 -351382.239055113
34 13 652725.503670649
35 13 16984254.584819019
36 13 5082292.254647532
37 13 -3506224.471059194
38 13 687731.261745101
39 13 -442340.450408919
40 13 1085188.032943248
41 13 10244516.737806493
42 13 1717061.315597629
43 13 -1818844.677860184
44 13 486404.912068860
45 13 -504875.646016313
46 13 817411.347728703
47 13 5326922.051710988
48 13 378188.557119954
49 13 -1787158.448018433
50 13 580745.057305581
51 13 -565149.089890523
52 13 930521.287799807
53 13 5199776.770968133
54 13 753873.747526169
55 13 -899773.046367689
56 13 325494.366675945
57 13 -318381.060398040
58 13 407239.393105043
59 13 2330373.724916163
60 13 529353.430147675
61 13 -883733.075617484
62 13 90141.231708798
63 13 -127707.733147791
64 13 -76289.003726048
65 13 3089096.479794001
66 13 688149.622760065
67 13 -401564.226134553
68 13 116504.593721848
69 13 -157651.589346210
70 13 78526.623984312
71 13 1116646.840874393
72 13 318415.332182074
73 13 -906323.791970064
74 13 322088.859837899
75 13 -385386.320568998
76 13 99301.258137850
77 13 1987788.405919252
78 13 803102.485519465
1 14 34923.133674656
2 14 -7984231.637609534
3 14 -945193.398475098
4 14 -19304156.611409150
5 14 2041958.060235333
6 14 -8182762.835844115
7 14 -857914.846349870
8 14 -11188854.797037978
9 14 -423996.382164934
10 14 -38560167.313403197
11 14 3761447.566964881
12 14 -16056621.420568386
13 14 -7206121.181262309
14 14 82330856.532442167
15 14 6478731.004796633
16 14 213493770.516601503
17 14 6269254.288897849
18 14 51862157.929203883
19 14 390720.824837140
20 14 -8954197.569086159
21 14 -319474.685063918
22 14 -27304677.592403118
23 14 -517586.417183157
24 14 -9646659.896043284
25 14 1560571.427910907
26 14 -11451249.845603116
27 14 -848818.529624227
28 14 -31719774.375487946
29 14 -1703881.041626912
30 14 1200929.152933873
31 14 313005.629181974
32 14 -6794012.309255667
33 14 -760844.265952543
34 14 -18253915.024992842
35 14 61071.314471234
36 14 -135277.094572979
37 14 419345.563556269
38 14 -4573946.515736178
39 14 -251800.425619664
40 14 -11376529.507287784
41 14 -401198.858035243
42 14 -1513888.609361355
43 14 389166.416342017
44 14 -2743837.568623904
45 14 122999.570732241
46 14 -6188838.575554618
47 14 -665979.777790913
48 14 -1690848.480972710
49 14 499633.974542906
50 14 -2807452.306202499
51 14 63382.413989687
52 14 -6070892.947046643
53 14 -864772.202065401
54 14 -1931825.058040499
55 14 271609.036631132
56 14 -1480138.378049357
57 14 32374.312313911
58 14 -2824131.086152165
59 14 -462775.715700247
60 14 -1181061.778995655
61 14 185099.756319710
62 14 -1156298.380367743
63 14 45428.318441304
64 14 -3202711.242146149
65 14 -157067.176599854
66 14 -516381.676279198
67 14 190095.784150053
68 14 -657253.653332607
69 14 10775.079534533
70 14 -1489861.378449921
71 14 -377012.296000093
72 14 -712056.021631847
73 14 452160.305646572
74 14 -1415586.580764484
75 14 -56762.092580305
76 14 -2326172.911921334
77 14 -494358.930312189
78 14 -1441266.817905957
1 15 -1591147.505936375
2 15 -91850.624347428
3 15 -1657494.017853223
4 15 209895.058982907
5 15 5313141.861111983
6 15 481262.997677605
7 15 -2315245.803829354
8 15 139593.093084074
9 15 -2180805.652867865
10 15 1539005.620125962
11 15 10925151.583306743
12 15 421225.603710191
13 15 13123844.811100578
14 15 6478731.004796636
15 15 18000973.402568273
16 15 14419764.238892345
17 15 -41308483.872071803
18 15 -918984.246057066
19 15 -1937754.620952717
20 15 -488964.663695645
21 15 -1640558.540910045
22 15 -1276044.589097527
23 15 7462580.407896756
24 15 -156493.681248719
25 15 -1202799.648627982
26 15 -982080.955883456
27 15 -2350396.359100490
28 15 -3489888.638041175
29 15 2044649.972075491
30 15 484268.719419122
31 15 -1045845.530386772
32 15 -956312.312809751
33 15 -1476842.741671718
34 15 -3520498.723792229
35 15 1807989.108709733
36 15 560645.225553868
37 15 -886736.399195728
38 15 -629703.475711668
39 15 -907482.367144982
40 15 -1635965.892202121
41 15 1978494.019574469
42 15 152997.143575402
43 15 -621846.694965590
44 15 -399308.089654354
45 15 -543381.579854097
46 15 -808473.605555651
47 15 1479795.691552432
48 15 -175023.518621593
49 15 -622037.336337055
50 15 -462782.451469370
51 15 -553050.609700825
52 15 -1014691.159198605
53 15 1478176.424431402
54 15 -195943.813605687
55 15 -332320.545638883
56 15 -190730.955658898
57 15 -313880.843203031
58 15 -404546.520586589
59 15 789631.712546686
60 15 -38246.739842134
61 15 -157113.537015583
62 15 -203638.086503244
63 15 -221069.080274651
64 15 -590192.502869719
65 15 360929.410428850
66 15 -113194.391429836
67 15 -116974.886121943
68 15 -144213.486845628
69 15 -130323.900836255
70 15 -365198.554836851
71 15 305306.682493164
72 15 -98730.809770370
73 15 -307105.698630518
74 15 -322022.667803924
75 15 -335171.379167338
76 15 -707395.862630732
77 15 729136.110955321
78 15 -179495.922777939
1 16 -1487066.938992128
2 16 -20171864.079845414
3 16 -1976408.673498657
4 16 -58241982.207154505
5 16 7301853.113298721
6 16 -23541751.857811227
7 16 -3169977.964530472
8 16 -39388745.310219638
9 16 -395108.009377142
10 16 -149651552.623168886
11 16 9277484.209917547
12 16 -57939319.066102691
13 16 -5350270.042840795
14 16 213493770.516601443
15 16 14419764.238892335
16 16 734283363.730063796
17 16 12417974.083031045
18 16 107604280.616957575
19 16 435711.520898296
20 16 -26680812.651722390
21 16 -718239.069043843
22 16 -87082047.730283052
23 16 -763154.008654293
24 16 -30733542.979694113
25 16 1731499.612955793
26 16 -28003052.083972972
27 16 -2096535.542750230
28 16 -164117088.649599582
29 16 -1066621.650047339
30 16 45685227.915469684
31 16 -592504.649615726
32 16 -16161201.345085641
33 16 -2445902.944693050
34 16 -56628020.723768473
35 16 200817.363711367
36 16 5729564.441902752
37 16 -34713.967561101
38 16 -9767664.583547141
39 16 -544934.004218964
40 16 -29883967.935446955
41 16 -213814.663462744
42 16 -1498230.561894265
43 16 230672.509245403
44 16 -5110742.551754238
45 16 279110.941954358
46 16 -15276975.285898216
47 16 -840946.383219156
48 16 -2656141.915477735
49 16 399105.271948866
50 16 -4949061.990922341
51 16 84966.220797539
52 16 -14441920.934394933
53 16 -1114108.015830748
54 16 -2837729.622886844
55 16 181541.006082510
56 16 -2279264.513942185
57 16 35401.074613358
58 16 -5845865.543500678
59 16 -617783.405091156
60 16 -1467574.771817020
61 16 134665.250378465
62 16 -2458216.135549611
63 16 65604.353991726
64 16 -8294900.894504433
65 16 107823.511551190
66 16 -632517.101817342
67 16 194367.873017407
68 16 -1132098.867838404
69 16 18000.581566335
70 16 -3652882.224189758
71 16 -697301.509561582
72 16 -1258494.133213854
73 16 313105.532964158
74 16 -1908794.552307973
75 16 -215099.816963968
76 16 -4112770.297575021
77 16 -171743.543501759
78 16 -1685328.784144977
1 17 17030967.437605605
2 17 -3068448.091238134
3 17 5940270.990528763
4 17 -7132896.219623410
5 17 -59489914.310586900
6 17 -5387942.011691247
7 17 32976023.455648955
8 17 -776016.254599381
9 17 11261886.731775684
10 17 -7327148.129837212
11 17 -148584991.525816560
12 17 3806440.218745373
13 17 -185378143.340436518
14 17 6269254.288897854
15 17 -41308483.872071795
16 17 12417974.083031118
17 17 666671950.688706994
18 17 48498515.352941945
19 17 22719448.823321436
20 17 1037969.073341707
21 17 7196403.966675203
22 17 4192058.579024492
23 17 -85641019.928663000
24 17 184747.411255262
25 17 22342534.352769837
26 17 785874.631311075
27 17 1072498.498100877
28 17 11536801.816997202
29 17 -79556390.975268140
30 17 -12597074.793969447
31 17 14363603.048931975
32 17 -123695.932165666
33 17 337150.216641718
34 17 -2273152.696923059
35 17 -58359969.995447882
36 17 -14042776.389089132
37 17 8608793.195444688
38 17 -667697.034403841
39 17 936011.774380359
40 17 -2339974.419413529
41 17 -29356243.671864051
42 17 -2316023.777553772
43 17 4257858.812675009
44 17 -423638.772633939
45 17 1061408.365172634
46 17 -1498634.814934543
47 17 -15047972.948641272
48 17 273847.978358649
49 17 3972394.593111956
50 17 -501774.656137749
51 17 1126228.838040268
52 17 -1423020.664035645
53 17 -14044865.337685157
54 17 -580859.963015254
55 17 1791838.495314084
56 17 -261203.644956013
57 17 635122.825871203
58 17 -594576.743477899
59 17 -5517559.355065054
60 17 -685953.705994356
61 17 2056809.959945477
62 17 143874.155660810
63 17 163899.201887387
64 17 789183.331937717
65 17 -8303277.028159613
66 17 -1353936.082397469
67 17 755548.197846218
68 17 -3523.675431248
69 17 298060.624874838
70 17 146282.006747047
71 17 -2603811.471609766
72 17 -392513.012536291
73 17 1404977.632238677
74 17 199.504046629
75 17 638283.802706003
76 17 736476.735599902
77 17 -3674962.932556195
78 17 -961507.264303003
1 18 406447.984648463
2 18 -7899565.472446208
3 18 -431811.501993276
4 18 -21812754.139132697
5 18 3850727.319618033
6 18 -20951188.160656091
7 18 -2804920.362558178
8 18 -16257167.548449792
9 18 -501422.721128031
10 18 -58437046.033114083
11 18 14780526.123685656
12 18 -63330798.700735278
13 18 -23647764.705833800
14 18 51862157.929203935
15 18 -918984.246057078
16 18 107604280.616957515
17 18 48498515.352941863
18 18 239007770.268513680
19 18 906832.658798862
20 18 -9553993.270954147
21 18 29638.551028632
22 18 -31021882.105551742
23 18 -2139546.018871255
24 18 -26324138.665018503
25 18 3864591.394250907
26 18 -1547178.871248567
27 18 -345670.974359377
28 18 32179417.538494397
29 18 -11088259.484303439
30 18 -48164722.953417212
31 18 4479293.055165565
32 18 -2237010.587934653
33 18 -323475.022055224
34 18 -3113705.351317021
35 18 -16036278.004011009
36 18 -19916037.798320308
37 18 2172400.682370300
38 18 -2540430.873292943
39 18 27440.975295467
40 18 -5523674.348567705
41 18 -5851807.825167137
42 18 -7771346.461703828
43 18 1103484.310040127
44 18 -1970985.604373312
45 18 270150.148749293
46 18 -4237503.623849347
47 18 -3510029.327923094
48 18 -3674466.125076447
49 18 1332816.552933192
50 18 -2102856.179172156
51 18 266594.733961589
52 18 -4225682.794550037
53 18 -4093200.107767072
54 18 -3656024.769445742
55 18 665092.965971178
56 18 -1177200.968713526
57 18 173482.752478113
58 18 -1954818.007875387
59 18 -1827301.136793276
60 18 -1717612.814737377
61 18 773911.309903152
62 18 -488760.962333491
63 18 -9337.669989719
64 18 -912271.357341439
65 18 -2914495.366989619
66 18 -2102000.831812115
67 18 405115.560447508
68 18 -528027.950808640
69 18 93043.332826429
70 18 -1129999.635901086
71 18 -1229981.672075949
72 18 -954989.986383508
73 18 839986.291004855
74 18 -1134685.711618436
75 18 117800.663004370
76 18 -1465503.506201677
77 18 -1735760.365778327
78 18 -1634513.861857286
1 19 -5093323.862112663
2 19 1547116.029584303
3 19 -1538585.569128833
4 19 2565724.154997915
5 19 14815582.785148839
6 19 2973173.981241925
7 19 -6214708.434450435
8 19 1309220.253691826
9 19 -1288726.725108145
10 19 2040850.025999835
11 19 19192461.920321338
12 19 484416.438686371
13 19 -6670304.528807138
14 19 390720.824837140
15 19 -1937754.620952717
16 19 435711.520898296
17 19 22719448.823321436
18 19 906832.658798862
19 19 63992384.140719563
20 19 -7947426.943140728
21 19 13172528.362411631
22 19 -7510245.098878061
23 19 -188420525.204819322
24 19 -25059589.936686490
25 19 -8786703.605333293
26 19 644970.060544132
27 19 -1251948.119666497
28 19 -1418087.851856592
29 19 30141019.328404609
30 19 1735590.206810601
31 19 -6362857.582461175
32 19 863918.710062664
33 19 -743758.764294547
34 19 1723707.144853317
35 19 21314639.042148333
36 19 3311987.791254038
37 19 -4250751.288058329
38 19 801003.676628878
39 19 -607362.485855897
40 19 1507129.867567478
41 19 13470594.009847291
42 19 1884232.296225208
43 19 -2585655.491277941
44 19 550601.309071134
45 19 -464160.712214931
46 19 1082790.641684274
47 19 7954162.103516046
48 19 662755.078000793
49 19 -1935444.721067684
50 19 534243.376646509
51 19 -545222.384302021
52 19 1472913.506288499
53 19 7072427.711156392
54 19 1080646.227148033
55 19 -1970615.380601430
56 19 801135.036443216
57 19 -620862.994513167
58 19 1032501.141036800
59 19 5389234.861266550
60 19 1511531.111210971
61 19 -1136252.009882459
62 19 272490.064105472
63 19 -398218.763778297
64 19 351737.056927455
65 19 2589791.285887005
66 19 578401.773044265
67 19 -1064261.114919266
68 19 274185.160738479
69 19 -391254.781099646
70 19 159578.469008724
71 19 2522050.071007393
72 19 585361.711394437
73 19 -995861.993980486
74 19 224254.190222214
75 19 -241170.941532644
76 19 190760.570980223
77 19 3161773.785268351
78 19 1020320.642545985
1 20 -198039.074453470
2 20 -6857955.570083260
3 20 -890090.993290014
4 20 -16666556.642353473
5 20 2029115.148569989
6 20 -6540435.023283400
7 20 -19645.384454359
8 20 -9428946.655450759
9 20 -440092.331457834
10 20 -23611055.912195429
11 20 1638002.471570794
12 20 -4243878.155883408
13 20 -49531.654195445
14 20 -8954197.569086159
15 20 -488964.663695645
16 20 -26680812.651722390
17 20 1037969.073341707
18 20 -9553993.270954147
19 20 -7947426.953538040
20 20 83204498.953806967
21 20 6657371.368260784
22 20 214427291.148197383
23 20 7850201.763620101
24 20 46628222.737148024
25 20 1006112.203605541
26 20 -11795731.906285210
27 20 -319812.807634752
28 20 -39639168.877959415
29 20 41397.648685764
30 20 -1386225.589873215
31 20 181677.087878006
32 20 -7948322.557547665
33 20 -590721.296428075
34 20 -23382410.714201678
35 20 451988.108394243
36 20 -3150857.789898941
37 20 126297.734980560
38 20 -5421843.647248116
39 20 -285659.008898001
40 20 -14843058.826541105
41 20 453844.724683099
42 20 -2798168.359165259
43 20 217400.994024653
44 20 -3349057.316283929
45 20 42603.551434670
46 20 -8646564.920444896
47 20 -157919.672316284
48 20 -1500539.594416553
49 20 245451.123260502
50 20 -2963960.647117605
51 20 164559.571890029
52 20 -7252294.076677313
53 20 -793292.722004131
54 20 -2263363.253320472
55 20 532778.071771825
56 20 -2905175.020111486
57 20 -100727.937674693
58 20 -6141627.858259363
59 20 -529320.488452062
60 20 -2361092.468700197
61 20 268599.447422823
62 20 -1679508.178420081
63 20 -35780.835310476
64 20 -3047235.485404674
65 20 -424580.559642518
66 20 -1493146.042320604
67 20 349425.573729636
68 20 -1513794.632712702
69 20 -28172.081724632
70 20 -2834307.575901852
71 20 -412013.621007914
72 20 -1277798.782123162
73 20 316965.836824522
74 20 -1570273.887036099
75 20 26135.255354650
76 20 -4177095.388453755
77 20 -443658.251758272
78 20 -1507230.852094697
1 21 -1291660.185126930
2 21 -51381.465715808
3 21 -1382021.475151490
4 21 36968.073099909
5 21 4306063.199327385
6 21 467324.696942976
7 21 -1083552.479194839
8 21 71413.690419928
9 21 -1853236.717814242
10 21 686427.868379881
11 21 3322607.303342406
12 21 117850.043109470
13 21 -1885176.280423576
14 21 -319474.685063918
15 21 -1640558.540910045
16 21 -718239.069043843
17 21 7196403.966675203
18 21 29638.551028632
19 21 13172528.352850502
20 21 6657371.375952126
21 21 17376970.245042499
22 21 15322938.601262031
23 21 -39599719.837219201
24 21 -340464.595765544
25 21 -1573985.930432395
26 21 -425686.628016086
27 21 -2100092.978831104
28 21 -1561884.910179629
29 21 5104338.705697528
30 21 226866.090032167
31 21 -1370523.535462909
32 21 -804946.388090817
33 21 -1471856.824427760
34 21 -2609961.860754409
35 21 4014336.680677513
36 21 183183.945211711
37 21 -1037781.132282890
38 21 -708998.410867839
39 21 -1067337.618357334
40 21 -2017792.684496101
41 21 2756413.139014107
42 21 56938.353597079
43 21 -625675.812189025
44 21 -564693.886994005
45 21 -535056.380226289
46 21 -1538298.281054124
47 21 1524987.147840396
48 21 -128897.105570351
49 21 -570119.515918999
50 21 -410873.690197680
51 21 -565145.894684879
52 21 -820749.138380761
53 21 1561027.093923361
54 21 -177388.711114664
55 21 -628913.637638218
56 21 -482738.413918971
57 21 -651479.863420504
58 21 -1178039.554537808
59 21 1476306.976476347
60 21 -194370.867686249
61 21 -324527.371902313
62 21 -323341.416885021
63 21 -343698.783471176
64 21 -650101.150574542
65 21 867367.144416858
66 21 -186268.385052920
67 21 -299008.171917144
68 21 -329039.912683504
69 21 -310269.689844528
70 21 -749829.754749710
71 21 681191.755922783
72 21 -159392.579861221
73 21 -210902.554422311
74 21 -331001.358125514
75 21 -329506.234972210
76 21 -1063570.789794403
77 21 458692.322199142
78 21 -349255.252338803
1 22 95385.028990873
2 22 -23732313.109284420
3 22 -6421231.779038355
4 22 -237965031.880696148
5 22 -77676746.703513741
6 22 23227611.435304489
7 22 -1516842.541364640
8 22 -24573644.572469879
9 22 -576455.450756319
10 22 -69845850.072213590
11 22 6480944.177594685
12 22 -13363266.564119136
13 22 -864748.741978927
14 22 -27304677.592403118
15 22 -1276044.589097527
16 22 -87082047.730283052
17 22 4192058.579024492
18 22 -31021882.105551742
19 22 -7510091.071610608
20 22 214429930.836902827
21 22 15322465.966904573
22 22 809801673.915003896
23 22 -77284954.815022409
24 22 26954283.200656526
25 22 1346880.671329503
26 22 -34728444.940580301
27 22 25889.560086552
28 22 -334805657.674785912
29 22 58767972.402517222
30 22 114549162.218251884
31 22 -855683.420356280
32 22 -21202019.604354445
33 22 -1726841.569047274
34 22 -71442679.665322185
35 22 2929103.409886955
36 22 -7519098.812144994
37 22 -873192.687306817
38 22 -12954617.768492300
39 22 -743259.398120486
40 22 -42811555.362860762
41 22 2557730.556391344
42 22 -5336351.917512376
43 22 -135837.871616524
44 22 -7308357.709010719
