# name: debug
# type: sparse matrix
# nnz: 1764
# rows: 42
# columns: 42

1 1 117344169.205490515
2 1 -1885742.706176609
3 1 -20410738.075090475
4 1 6290928.903597370
5 1 -656556971.034751892
6 1 3469138.720076886
7 1 -7866449.454782642
8 1 -599231.312635058
9 1 2461183.549333781
10 1 -15745975.613705993
11 1 76774985.560677782
12 1 3848298.640053218
13 1 -5457437.672491529
14 1 -535383.067057339
15 1 1256275.790816341
16 1 -3622659.012313482
17 1 40821003.452661254
18 1 -1695377.484351848
19 1 -3323302.831083545
20 1 30856.727890507
21 1 691808.086812063
22 1 -176320.333707867
23 1 24708272.672010593
24 1 5597133.611571825
25 1 -1761845.203739849
26 1 10864.195236354
27 1 351127.922994912
28 1 -392863.587394618
29 1 13468172.563268607
30 1 2100187.573790739
31 1 -970411.467323948
32 1 20280.947963878
33 1 200756.203491824
34 1 -311209.446542629
35 1 11763970.452977302
36 1 1418973.508902268
37 1 -459867.997456558
38 1 8865.063637831
39 1 115019.347867648
40 1 145825.394105385
41 1 5118485.392446515
42 1 -756216.437524401
1 2 -1885742.706176610
2 2 150300297.785881221
3 2 -1403612.934800610
4 2 751955955.749153376
5 2 -5216379.629739058
6 2 -238797210.863093555
7 2 125737.257011758
8 2 -13721542.119036058
9 2 426015.484025256
10 2 -93447578.792724982
11 2 8920515.437270049
12 2 41719165.341885611
13 2 351057.944378166
14 2 -8066414.113010621
15 2 295734.449989679
16 2 -53756271.203070916
17 2 -2354626.648890649
18 2 13564364.160109710
19 2 589806.050920382
20 2 -4100811.932320683
21 2 -293518.009418813
22 2 -26198570.427396808
23 2 -3113644.139072707
24 2 6787347.004195643
25 2 357944.494363437
26 2 -1878022.148812121
27 2 -113880.389286602
28 2 -13033697.187590394
29 2 -1868892.743440380
30 2 3301912.724940023
31 2 166099.492439728
32 2 -1073235.084310663
33 2 9955.872575440
34 2 -9329245.373803791
35 2 -836036.633905744
36 2 1261471.615615579
37 2 52770.219034519
38 2 -490391.019543803
39 2 44703.628407934
40 2 -5430291.358920405
41 2 -645651.660706621
42 2 968109.124235098
1 3 -20410738.075090475
2 3 -1403612.934800610
3 3 51089907.549896255
4 3 -4352772.529543418
5 3 155841111.333895952
6 3 -1074549.273858326
7 3 1757575.933157665
8 3 156115.512151598
9 3 -2672183.161843353
10 3 -3644494.471360208
11 3 -10903640.347302420
12 3 2506724.557330209
13 3 346225.070360949
14 3 -3383.340489869
15 3 -1456461.648157550
16 3 -1319957.704186395
17 3 -3211103.725104525
18 3 277217.460147618
19 3 79010.901725522
20 3 -537129.292036799
21 3 -707137.538772536
22 3 -4529673.408379745
23 3 -810912.342096786
24 3 1000514.470141119
25 3 27219.387524406
26 3 -317194.981297918
27 3 -281093.033322861
28 3 -2596254.152458557
29 3 -314234.914753340
30 3 579613.050723759
31 3 20871.547011671
32 3 -222404.257763884
33 3 -144935.250182714
34 3 -2316399.615723948
35 3 9375.625054741
36 3 244312.550681160
37 3 24130.975606016
38 3 -97532.807636195
39 3 -39531.193072232
40 3 -1248397.938017404
41 3 -203425.536059048
42 3 182958.606714150
1 4 6290928.903597370
2 4 751955955.749153376
3 4 -4352772.529543406
4 4 6597705591.464865685
5 4 -1304418843.643898010
6 4 -1608988592.664482355
7 4 -1042900.648238801
8 4 -82974566.548377842
9 4 3305739.245840409
10 4 -2196224510.737820148
11 4 1185072906.161433697
12 4 780979551.317409396
13 4 2766016.194675906
14 4 -47083940.316415831
15 4 1858489.411291266
16 4 -593764515.449221134
17 4 -4223942.519644343
18 4 102730337.875095055
19 4 2624847.748309578
20 4 -23902521.614305161
21 4 -2729689.059572628
22 4 -158820084.628708363
23 4 -12469535.267427212
24 4 35418285.325510979
25 4 1656640.685505812
26 4 -11015298.371328700
27 4 -1033503.691457645
28 4 -78977533.975705892
29 4 -7849215.331947332
30 4 17779269.560845450
31 4 802078.609799924
32 4 -6297411.449414465
33 4 -193702.966906752
34 4 -80039405.172072336
35 4 -2385527.503880578
36 4 -2680375.395333257
37 4 308584.722795682
38 4 -2906424.236761427
39 4 227428.921825993
40 4 -55417860.811928257
41 4 -8639901.362351624
42 4 5204592.166675866
1 5 -656556971.034751773
2 5 -5216379.629739061
3 5 155841111.333895952
4 5 -1304418843.643898726
5 5 6674231964.133700371
6 5 634918538.222544789
7 5 59659233.636864983
8 5 5584235.872959080
9 5 -19228498.367620800
10 5 1311201833.777589321
11 5 -2341126699.610314846
12 5 -576433481.992478728
13 5 35856015.824037604
14 5 2611517.765193555
15 5 -7874343.601248466
16 5 52370257.240389034
17 5 -309952428.889707506
18 5 20862443.446076561
19 5 20209243.339394387
20 5 328729.338844073
21 5 -3840254.028676527
22 5 7073907.790198490
23 5 -155116191.489228159
24 5 -31722566.241453465
25 5 10209212.067088384
26 5 216842.077142069
27 5 -1940136.811996647
28 5 5415809.615595036
29 5 -79462267.093757316
30 5 -11535938.599585356
31 5 5574024.153631669
32 5 -40198.685736950
33 5 -1031166.152770595
34 5 5897542.394360491
35 5 -121108380.866236046
36 5 -15869837.623992393
37 5 2657441.735205701
38 5 -63255.092400500
39 5 -579197.083060340
40 5 -2932120.971816813
41 5 -45477954.390781634
42 5 11270677.129906785
1 6 3469138.720076879
2 6 -238797210.863093555
3 6 -1074549.273858326
4 6 -1608988592.664482355
5 6 634918538.222545981
6 6 2064054546.412426472
7 6 -583179.336844925
8 6 31257730.081654072
9 6 -454001.018242460
10 6 571373608.668299556
11 6 -612761669.086253881
12 6 -467892483.780114293
13 6 -1151484.185895873
14 6 5919819.392792842
15 6 -79373.261144658
16 6 10801361.215348450
17 6 -8939563.718299292
18 6 -118717066.286251873
19 6 5240952.804445036
20 6 2366951.784883644
21 6 -820938.869157958
22 6 2345641.820039607
23 6 -40334563.687935062
24 6 -54631700.375912286
25 6 2435196.335903609
26 6 837177.925854002
27 6 -449543.901066087
28 6 970516.127443509
29 6 -20466427.484265544
30 6 -19669694.615163110
31 6 1524212.230349018
32 6 276507.329809560
33 6 -270939.153754479
34 6 -378320.058129062
35 6 -39348387.758100249
36 6 -16120001.173394592
37 6 561265.992364571
38 6 141692.797020832
39 6 -123047.402537007
40 6 -2166646.293340989
41 6 -12290192.490727929
42 6 341555.981291229
1 7 -7866449.454782642
2 7 125737.257011758
3 7 1757575.933157665
4 7 -1042900.648238801
5 7 59659233.636864983
6 7 -583179.336844925
7 7 111609738.830138102
8 7 -406738.514102049
9 7 -20110460.826579537
10 7 1041485.907022585
11 7 -599859333.269666553
12 7 7419978.586319898
13 7 -8158550.989710883
14 7 -1115069.999384778
15 7 1976812.056408852
16 7 -4758392.506697345
17 7 59249882.021792561
18 7 -5270021.922878916
19 7 -4306921.220172368
20 7 -124593.271635815
21 7 1178301.530855212
22 7 -1231465.647516889
23 7 30882951.756310359
24 7 2611249.152353476
25 7 -3196687.809316270
26 7 -15557.238658977
27 7 984806.932151259
28 7 -1162707.236306951
29 7 25306619.298208125
30 7 1917418.994960419
31 7 -1023986.321769279
32 7 -18819.215525862
33 7 300973.600940124
34 7 -391656.026171488
35 7 8225084.884124912
36 7 62196.587545502
37 7 -870947.377460777
38 7 27617.315684049
39 7 130895.566841077
40 7 25700.127883316
41 7 7182326.144830472
42 7 220623.252909460
1 8 -599231.312635058
2 8 -13721542.119036058
3 8 156115.512151598
4 8 -82974566.548377842
5 8 5584235.872959080
6 8 31257730.081654072
7 8 -406738.514102048
8 8 143299685.486188143
9 8 -1093937.853733890
10 8 693023071.993813276
11 8 -1403066.898218245
12 8 -225092661.057606816
13 8 -330690.386408028
14 8 -13660614.153775925
15 8 525133.379457047
16 8 -77625148.413514256
17 8 -95886.383178152
18 8 25366726.991461851
19 8 418330.136989280
20 8 -5780124.611880743
21 8 -23181.432935698
22 8 -34815006.183207758
23 8 -1852271.194843320
24 8 13703869.871047493
25 8 590254.160672491
26 8 -4440001.626328676
27 8 45870.074951574
28 8 -28273263.862854555
29 8 -2430152.279603146
30 8 13010832.174309513
31 8 95449.937732206
32 8 -1228291.117574682
33 8 59720.623604595
34 8 -8471192.302277744
35 8 -269683.578987063
36 8 3448613.918179380
37 8 68978.041478507
38 8 -855788.852749830
39 8 26347.062779266
40 8 -6745349.434019861
41 8 -328859.091876199
42 8 1032867.520108486
1 9 2461183.549333781
2 9 426015.484025256
3 9 -2672183.161843353
